bins	AST_count_detec	AST_frac_detec	AUS_count_detec	AUS_frac_detec	BAN_count_detec	BAN_frac_detec	CAN_count_detec	CAN_frac_detec	CHI_count_detec	CHI_frac_detec	DEN_count_detec	DEN_frac_detec	ENG_count_detec	ENG_frac_detec	ETH_count_detec	ETH_frac_detec	FIJ_count_detec	FIJ_frac_detec	ISR_count_detec	ISR_frac_detec	ITA_count_detec	ITA_frac_detec	MAD_count_detec	MAD_frac_detec	MON_count_detec	MON_frac_detec	PER_count_detec	PER_frac_detec	SPA_count_detec	SPA_frac_detec	TAN_count_detec	TAN_frac_detec	USA_count_detec	USA_frac_detec
DB_MAG_00001	0.0	0.0	0.0	0.0	0.0	0.0	1.0	0.043478260869565216	0.0	0.0	0.0	0.0	0.0	0.0	0.0	0.0	0.0	0.0	0.0	0.0	0.0	0.0	0.0	0.0	0.0	0.0	0.0	0.0	0.0	0.0	0.0	0.0	0.0	0.0
DB_MAG_00002	16.0	0.10457516339869281	0.0	0.0	0.0	0.0	0.0	0.0	0.0	0.0	5.0	0.017605633802816902	8.0	0.037914691943127965	0.0	0.0	0.0	0.0	0.0	0.0	0.0	0.0	0.0	0.0	0.0	0.0	0.0	0.0	3.0	0.0189873417721519	0.0	0.0	1.0	0.00819672131147541
DB_MAG_00003	16.0	0.10457516339869281	3.0	0.25	0.0	0.0	3.0	0.13043478260869565	36.0	0.19148936170212766	21.0	0.07394366197183098	25.0	0.11848341232227488	0.0	0.0	0.0	0.0	62.0	0.18674698795180722	0.0	0.0	9.0	0.08035714285714286	1.0	0.00909090909090909	0.0	0.0	9.0	0.056962025316455694	1.0	0.037037037037037035	5.0	0.040983606557377046
DB_MAG_00004	19.0	0.12418300653594772	2.0	0.16666666666666666	0.0	0.0	5.0	0.21739130434782608	3.0	0.015957446808510637	31.0	0.10915492957746478	37.0	0.17535545023696683	0.0	0.0	0.0	0.0	15.0	0.045180722891566265	1.0	0.09090909090909091	0.0	0.0	0.0	0.0	0.0	0.0	13.0	0.08227848101265822	0.0	0.0	12.0	0.09836065573770492
DB_MAG_00005	76.0	0.49673202614379086	8.0	0.6666666666666666	0.0	0.0	17.0	0.7391304347826086	73.0	0.3882978723404255	180.0	0.6338028169014085	138.0	0.6540284360189573	3.0	0.6	8.0	0.046511627906976744	229.0	0.6897590361445783	6.0	0.5454545454545454	22.0	0.19642857142857142	38.0	0.34545454545454546	6.0	0.16666666666666666	80.0	0.5063291139240507	1.0	0.037037037037037035	82.0	0.6721311475409836
DB_MAG_00006	0.0	0.0	0.0	0.0	0.0	0.0	0.0	0.0	0.0	0.0	0.0	0.0	0.0	0.0	0.0	0.0	0.0	0.0	0.0	0.0	0.0	0.0	0.0	0.0	0.0	0.0	0.0	0.0	0.0	0.0	0.0	0.0	0.0	0.0
DB_MAG_00007	12.0	0.0784313725490196	5.0	0.4166666666666667	0.0	0.0	12.0	0.5217391304347826	156.0	0.8297872340425532	54.0	0.19014084507042253	70.0	0.33175355450236965	0.0	0.0	2.0	0.011627906976744186	88.0	0.26506024096385544	0.0	0.0	15.0	0.13392857142857142	3.0	0.02727272727272727	0.0	0.0	40.0	0.25316455696202533	0.0	0.0	52.0	0.4262295081967213
DB_MAG_00008	100.0	0.6535947712418301	7.0	0.5833333333333334	0.0	0.0	17.0	0.7391304347826086	4.0	0.02127659574468085	200.0	0.704225352112676	161.0	0.7630331753554502	5.0	1.0	0.0	0.0	239.0	0.7198795180722891	2.0	0.18181818181818182	14.0	0.125	56.0	0.509090909090909	11.0	0.3055555555555556	83.0	0.5253164556962026	2.0	0.07407407407407407	69.0	0.5655737704918032
DB_MAG_00009	22.0	0.1437908496732026	1.0	0.08333333333333333	0.0	0.0	4.0	0.17391304347826086	46.0	0.24468085106382978	49.0	0.17253521126760563	52.0	0.24644549763033174	0.0	0.0	0.0	0.0	99.0	0.29819277108433734	1.0	0.09090909090909091	0.0	0.0	7.0	0.06363636363636363	0.0	0.0	25.0	0.15822784810126583	0.0	0.0	26.0	0.21311475409836064
DB_MAG_00010	39.0	0.2549019607843137	3.0	0.25	0.0	0.0	7.0	0.30434782608695654	13.0	0.06914893617021277	103.0	0.3626760563380282	95.0	0.45023696682464454	0.0	0.0	0.0	0.0	62.0	0.18674698795180722	2.0	0.18181818181818182	1.0	0.008928571428571428	2.0	0.01818181818181818	0.0	0.0	38.0	0.24050632911392406	0.0	0.0	10.0	0.08196721311475409
DB_MAG_00011	45.0	0.29411764705882354	7.0	0.5833333333333334	1.0	0.03571428571428571	11.0	0.4782608695652174	27.0	0.14361702127659576	140.0	0.49295774647887325	101.0	0.4786729857819905	5.0	1.0	18.0	0.10465116279069768	168.0	0.5060240963855421	0.0	0.0	17.0	0.15178571428571427	73.0	0.6636363636363637	10.0	0.2777777777777778	28.0	0.17721518987341772	13.0	0.48148148148148145	25.0	0.20491803278688525
DB_MAG_00012	47.0	0.30718954248366015	3.0	0.25	0.0	0.0	5.0	0.21739130434782608	9.0	0.047872340425531915	130.0	0.45774647887323944	109.0	0.5165876777251185	2.0	0.4	6.0	0.03488372093023256	96.0	0.2891566265060241	1.0	0.09090909090909091	24.0	0.21428571428571427	43.0	0.39090909090909093	27.0	0.75	29.0	0.18354430379746836	15.0	0.5555555555555556	23.0	0.1885245901639344
DB_MAG_00013	57.0	0.37254901960784315	0.0	0.0	0.0	0.0	4.0	0.17391304347826086	0.0	0.0	70.0	0.24647887323943662	52.0	0.24644549763033174	3.0	0.6	0.0	0.0	111.0	0.33433734939759036	0.0	0.0	48.0	0.42857142857142855	92.0	0.8363636363636363	5.0	0.1388888888888889	49.0	0.310126582278481	1.0	0.037037037037037035	6.0	0.04918032786885246
DB_MAG_00014	48.0	0.3137254901960784	5.0	0.4166666666666667	0.0	0.0	9.0	0.391304347826087	22.0	0.11702127659574468	131.0	0.4612676056338028	75.0	0.35545023696682465	0.0	0.0	1.0	0.005813953488372093	110.0	0.3313253012048193	1.0	0.09090909090909091	10.0	0.08928571428571429	32.0	0.2909090909090909	2.0	0.05555555555555555	24.0	0.1518987341772152	2.0	0.07407407407407407	29.0	0.23770491803278687
DB_MAG_00015	31.0	0.20261437908496732	6.0	0.5	0.0	0.0	7.0	0.30434782608695654	2.0	0.010638297872340425	121.0	0.426056338028169	86.0	0.4075829383886256	5.0	1.0	0.0	0.0	81.0	0.24397590361445784	1.0	0.09090909090909091	4.0	0.03571428571428571	1.0	0.00909090909090909	0.0	0.0	34.0	0.21518987341772153	6.0	0.2222222222222222	23.0	0.1885245901639344
DB_MAG_00016	81.0	0.5294117647058824	1.0	0.08333333333333333	0.0	0.0	4.0	0.17391304347826086	2.0	0.010638297872340425	64.0	0.22535211267605634	163.0	0.7725118483412322	0.0	0.0	0.0	0.0	156.0	0.46987951807228917	1.0	0.09090909090909091	42.0	0.375	11.0	0.1	20.0	0.5555555555555556	63.0	0.3987341772151899	1.0	0.037037037037037035	29.0	0.23770491803278687
DB_MAG_00017	7.0	0.0457516339869281	1.0	0.08333333333333333	0.0	0.0	4.0	0.17391304347826086	7.0	0.03723404255319149	68.0	0.23943661971830985	18.0	0.08530805687203792	2.0	0.4	4.0	0.023255813953488372	56.0	0.1686746987951807	0.0	0.0	17.0	0.15178571428571427	15.0	0.13636363636363635	4.0	0.1111111111111111	15.0	0.0949367088607595	0.0	0.0	3.0	0.02459016393442623
DB_MAG_00018	54.0	0.35294117647058826	7.0	0.5833333333333334	2.0	0.07142857142857142	15.0	0.6521739130434783	50.0	0.26595744680851063	206.0	0.7253521126760564	138.0	0.6540284360189573	5.0	1.0	32.0	0.18604651162790697	206.0	0.6204819277108434	1.0	0.09090909090909091	36.0	0.32142857142857145	98.0	0.8909090909090909	34.0	0.9444444444444444	56.0	0.35443037974683544	16.0	0.5925925925925926	59.0	0.48360655737704916
DB_MAG_00019	88.0	0.5751633986928104	4.0	0.3333333333333333	0.0	0.0	20.0	0.8695652173913043	69.0	0.3670212765957447	192.0	0.676056338028169	129.0	0.6113744075829384	5.0	1.0	5.0	0.029069767441860465	224.0	0.6746987951807228	2.0	0.18181818181818182	11.0	0.09821428571428571	102.0	0.9272727272727272	15.0	0.4166666666666667	69.0	0.43670886075949367	5.0	0.18518518518518517	54.0	0.4426229508196721
DB_MAG_00020	68.0	0.4444444444444444	7.0	0.5833333333333334	0.0	0.0	19.0	0.8260869565217391	61.0	0.324468085106383	196.0	0.6901408450704225	171.0	0.8104265402843602	0.0	0.0	0.0	0.0	261.0	0.786144578313253	3.0	0.2727272727272727	3.0	0.026785714285714284	40.0	0.36363636363636365	0.0	0.0	94.0	0.5949367088607594	0.0	0.0	60.0	0.4918032786885246
DB_MAG_00021	12.0	0.0784313725490196	1.0	0.08333333333333333	0.0	0.0	0.0	0.0	16.0	0.0851063829787234	59.0	0.20774647887323944	8.0	0.037914691943127965	2.0	0.4	0.0	0.0	61.0	0.18373493975903615	0.0	0.0	5.0	0.044642857142857144	8.0	0.07272727272727272	1.0	0.027777777777777776	14.0	0.08860759493670886	0.0	0.0	7.0	0.05737704918032787
DB_MAG_00022	108.0	0.7058823529411765	10.0	0.8333333333333334	0.0	0.0	13.0	0.5652173913043478	130.0	0.6914893617021277	186.0	0.6549295774647887	177.0	0.8388625592417062	0.0	0.0	7.0	0.040697674418604654	265.0	0.7981927710843374	2.0	0.18181818181818182	32.0	0.2857142857142857	4.0	0.03636363636363636	17.0	0.4722222222222222	105.0	0.6645569620253164	0.0	0.0	65.0	0.5327868852459017
DB_MAG_00023	103.0	0.673202614379085	2.0	0.16666666666666666	8.0	0.2857142857142857	9.0	0.391304347826087	15.0	0.0797872340425532	186.0	0.6549295774647887	127.0	0.6018957345971564	4.0	0.8	39.0	0.22674418604651161	245.0	0.7379518072289156	8.0	0.7272727272727273	28.0	0.25	110.0	1.0	11.0	0.3055555555555556	83.0	0.5253164556962026	0.0	0.0	40.0	0.32786885245901637
DB_MAG_00024	73.0	0.477124183006536	1.0	0.08333333333333333	0.0	0.0	12.0	0.5217391304347826	18.0	0.09574468085106383	107.0	0.3767605633802817	115.0	0.5450236966824644	0.0	0.0	1.0	0.005813953488372093	109.0	0.32831325301204817	3.0	0.2727272727272727	2.0	0.017857142857142856	16.0	0.14545454545454545	3.0	0.08333333333333333	41.0	0.25949367088607594	0.0	0.0	45.0	0.36885245901639346
DB_MAG_00025	13.0	0.08496732026143791	7.0	0.5833333333333334	2.0	0.07142857142857142	20.0	0.8695652173913043	83.0	0.44148936170212766	108.0	0.38028169014084506	57.0	0.27014218009478674	0.0	0.0	1.0	0.005813953488372093	69.0	0.20783132530120482	1.0	0.09090909090909091	2.0	0.017857142857142856	11.0	0.1	0.0	0.0	77.0	0.4873417721518987	0.0	0.0	66.0	0.5409836065573771
DB_MAG_00026	12.0	0.0784313725490196	3.0	0.25	0.0	0.0	5.0	0.21739130434782608	9.0	0.047872340425531915	71.0	0.25	32.0	0.15165876777251186	0.0	0.0	0.0	0.0	49.0	0.14759036144578314	1.0	0.09090909090909091	0.0	0.0	2.0	0.01818181818181818	0.0	0.0	34.0	0.21518987341772153	0.0	0.0	12.0	0.09836065573770492
DB_MAG_00027	2.0	0.013071895424836602	0.0	0.0	0.0	0.0	0.0	0.0	0.0	0.0	20.0	0.07042253521126761	8.0	0.037914691943127965	0.0	0.0	0.0	0.0	0.0	0.0	0.0	0.0	0.0	0.0	0.0	0.0	0.0	0.0	1.0	0.006329113924050633	0.0	0.0	2.0	0.01639344262295082
DB_MAG_00028	8.0	0.05228758169934641	0.0	0.0	0.0	0.0	1.0	0.043478260869565216	1.0	0.005319148936170213	16.0	0.056338028169014086	11.0	0.052132701421800945	0.0	0.0	0.0	0.0	20.0	0.060240963855421686	0.0	0.0	0.0	0.0	5.0	0.045454545454545456	0.0	0.0	4.0	0.02531645569620253	0.0	0.0	1.0	0.00819672131147541
DB_MAG_00029	26.0	0.16993464052287582	2.0	0.16666666666666666	0.0	0.0	9.0	0.391304347826087	45.0	0.2393617021276596	42.0	0.14788732394366197	54.0	0.2559241706161137	2.0	0.4	5.0	0.029069767441860465	99.0	0.29819277108433734	2.0	0.18181818181818182	29.0	0.25892857142857145	65.0	0.5909090909090909	8.0	0.2222222222222222	32.0	0.20253164556962025	2.0	0.07407407407407407	29.0	0.23770491803278687
DB_MAG_00030	100.0	0.6535947712418301	8.0	0.6666666666666666	1.0	0.03571428571428571	17.0	0.7391304347826086	104.0	0.5531914893617021	187.0	0.6584507042253521	159.0	0.7535545023696683	3.0	0.6	16.0	0.09302325581395349	222.0	0.6686746987951807	6.0	0.5454545454545454	56.0	0.5	49.0	0.44545454545454544	27.0	0.75	70.0	0.4430379746835443	12.0	0.4444444444444444	63.0	0.5163934426229508
DB_MAG_00031	46.0	0.3006535947712418	4.0	0.3333333333333333	0.0	0.0	13.0	0.5652173913043478	8.0	0.0425531914893617	125.0	0.44014084507042256	90.0	0.4265402843601896	0.0	0.0	0.0	0.0	54.0	0.16265060240963855	2.0	0.18181818181818182	0.0	0.0	22.0	0.2	0.0	0.0	44.0	0.27848101265822783	0.0	0.0	34.0	0.2786885245901639
DB_MAG_00032	60.0	0.39215686274509803	4.0	0.3333333333333333	0.0	0.0	8.0	0.34782608695652173	54.0	0.2872340425531915	98.0	0.34507042253521125	87.0	0.41232227488151657	4.0	0.8	12.0	0.06976744186046512	99.0	0.29819277108433734	5.0	0.45454545454545453	37.0	0.33035714285714285	39.0	0.35454545454545455	21.0	0.5833333333333334	37.0	0.23417721518987342	6.0	0.2222222222222222	21.0	0.1721311475409836
DB_MAG_00033	30.0	0.19607843137254902	3.0	0.25	19.0	0.6785714285714286	6.0	0.2608695652173913	65.0	0.34574468085106386	102.0	0.3591549295774648	32.0	0.15165876777251186	5.0	1.0	81.0	0.47093023255813954	181.0	0.5451807228915663	2.0	0.18181818181818182	106.0	0.9464285714285714	110.0	1.0	36.0	1.0	50.0	0.31645569620253167	27.0	1.0	19.0	0.1557377049180328
DB_MAG_00034	123.0	0.803921568627451	9.0	0.75	1.0	0.03571428571428571	20.0	0.8695652173913043	90.0	0.4787234042553192	259.0	0.9119718309859155	184.0	0.8720379146919431	5.0	1.0	8.0	0.046511627906976744	296.0	0.891566265060241	9.0	0.8181818181818182	87.0	0.7767857142857143	95.0	0.8636363636363636	26.0	0.7222222222222222	105.0	0.6645569620253164	7.0	0.25925925925925924	86.0	0.7049180327868853
DB_MAG_00035	37.0	0.24183006535947713	6.0	0.5	1.0	0.03571428571428571	8.0	0.34782608695652173	44.0	0.23404255319148937	137.0	0.4823943661971831	75.0	0.35545023696682465	3.0	0.6	11.0	0.06395348837209303	132.0	0.39759036144578314	0.0	0.0	39.0	0.3482142857142857	19.0	0.17272727272727273	9.0	0.25	46.0	0.2911392405063291	0.0	0.0	33.0	0.27049180327868855
DB_MAG_00036	13.0	0.08496732026143791	1.0	0.08333333333333333	0.0	0.0	5.0	0.21739130434782608	6.0	0.031914893617021274	31.0	0.10915492957746478	32.0	0.15165876777251186	1.0	0.2	10.0	0.05813953488372093	53.0	0.15963855421686746	3.0	0.2727272727272727	14.0	0.125	4.0	0.03636363636363636	2.0	0.05555555555555555	8.0	0.05063291139240506	4.0	0.14814814814814814	11.0	0.09016393442622951
DB_MAG_00037	68.0	0.4444444444444444	1.0	0.08333333333333333	0.0	0.0	11.0	0.4782608695652174	7.0	0.03723404255319149	61.0	0.2147887323943662	58.0	0.27488151658767773	0.0	0.0	0.0	0.0	37.0	0.11144578313253012	3.0	0.2727272727272727	0.0	0.0	8.0	0.07272727272727272	0.0	0.0	46.0	0.2911392405063291	0.0	0.0	53.0	0.4344262295081967
DB_MAG_00038	44.0	0.2875816993464052	0.0	0.0	1.0	0.03571428571428571	8.0	0.34782608695652173	15.0	0.0797872340425532	137.0	0.4823943661971831	110.0	0.5213270142180095	4.0	0.8	11.0	0.06395348837209303	121.0	0.3644578313253012	1.0	0.09090909090909091	33.0	0.29464285714285715	83.0	0.7545454545454545	26.0	0.7222222222222222	26.0	0.16455696202531644	14.0	0.5185185185185185	19.0	0.1557377049180328
DB_MAG_00039	69.0	0.45098039215686275	3.0	0.25	0.0	0.0	13.0	0.5652173913043478	49.0	0.26063829787234044	162.0	0.5704225352112676	127.0	0.6018957345971564	2.0	0.4	13.0	0.0755813953488372	205.0	0.6174698795180723	1.0	0.09090909090909091	18.0	0.16071428571428573	55.0	0.5	26.0	0.7222222222222222	60.0	0.379746835443038	8.0	0.2962962962962963	43.0	0.3524590163934426
DB_MAG_00040	38.0	0.24836601307189543	0.0	0.0	0.0	0.0	12.0	0.5217391304347826	2.0	0.010638297872340425	30.0	0.1056338028169014	69.0	0.32701421800947866	0.0	0.0	0.0	0.0	59.0	0.17771084337349397	1.0	0.09090909090909091	3.0	0.026785714285714284	15.0	0.13636363636363635	0.0	0.0	35.0	0.22151898734177214	0.0	0.0	22.0	0.18032786885245902
DB_MAG_00041	10.0	0.06535947712418301	1.0	0.08333333333333333	0.0	0.0	6.0	0.2608695652173913	33.0	0.17553191489361702	18.0	0.06338028169014084	7.0	0.03317535545023697	0.0	0.0	0.0	0.0	39.0	0.11746987951807229	0.0	0.0	0.0	0.0	0.0	0.0	0.0	0.0	14.0	0.08860759493670886	0.0	0.0	6.0	0.04918032786885246
DB_MAG_00042	51.0	0.3333333333333333	3.0	0.25	1.0	0.03571428571428571	17.0	0.7391304347826086	5.0	0.026595744680851064	78.0	0.2746478873239437	87.0	0.41232227488151657	0.0	0.0	0.0	0.0	12.0	0.03614457831325301	3.0	0.2727272727272727	13.0	0.11607142857142858	9.0	0.08181818181818182	0.0	0.0	62.0	0.3924050632911392	0.0	0.0	54.0	0.4426229508196721
DB_MAG_00043	69.0	0.45098039215686275	10.0	0.8333333333333334	0.0	0.0	15.0	0.6521739130434783	55.0	0.2925531914893617	198.0	0.6971830985915493	139.0	0.6587677725118484	4.0	0.8	0.0	0.0	200.0	0.6024096385542169	2.0	0.18181818181818182	16.0	0.14285714285714285	21.0	0.19090909090909092	3.0	0.08333333333333333	71.0	0.44936708860759494	3.0	0.1111111111111111	66.0	0.5409836065573771
DB_MAG_00044	15.0	0.09803921568627451	1.0	0.08333333333333333	0.0	0.0	0.0	0.0	9.0	0.047872340425531915	18.0	0.06338028169014084	16.0	0.07582938388625593	5.0	1.0	0.0	0.0	63.0	0.1897590361445783	0.0	0.0	4.0	0.03571428571428571	0.0	0.0	4.0	0.1111111111111111	15.0	0.0949367088607595	19.0	0.7037037037037037	2.0	0.01639344262295082
DB_MAG_00045	34.0	0.2222222222222222	1.0	0.08333333333333333	0.0	0.0	6.0	0.2608695652173913	13.0	0.06914893617021277	58.0	0.20422535211267606	58.0	0.27488151658767773	0.0	0.0	0.0	0.0	41.0	0.12349397590361445	0.0	0.0	0.0	0.0	12.0	0.10909090909090909	0.0	0.0	50.0	0.31645569620253167	0.0	0.0	16.0	0.13114754098360656
DB_MAG_00046	3.0	0.0196078431372549	3.0	0.25	0.0	0.0	4.0	0.17391304347826086	0.0	0.0	16.0	0.056338028169014086	17.0	0.08056872037914692	0.0	0.0	0.0	0.0	10.0	0.030120481927710843	0.0	0.0	0.0	0.0	0.0	0.0	0.0	0.0	5.0	0.03164556962025317	0.0	0.0	9.0	0.07377049180327869
DB_MAG_00047	111.0	0.7254901960784313	1.0	0.08333333333333333	0.0	0.0	14.0	0.6086956521739131	9.0	0.047872340425531915	56.0	0.19718309859154928	105.0	0.4976303317535545	0.0	0.0	0.0	0.0	100.0	0.30120481927710846	0.0	0.0	2.0	0.017857142857142856	15.0	0.13636363636363635	0.0	0.0	66.0	0.4177215189873418	0.0	0.0	17.0	0.13934426229508196
DB_MAG_00048	53.0	0.3464052287581699	0.0	0.0	0.0	0.0	2.0	0.08695652173913043	3.0	0.015957446808510637	57.0	0.2007042253521127	27.0	0.12796208530805686	0.0	0.0	1.0	0.005813953488372093	45.0	0.1355421686746988	1.0	0.09090909090909091	13.0	0.11607142857142858	17.0	0.15454545454545454	9.0	0.25	20.0	0.12658227848101267	0.0	0.0	5.0	0.040983606557377046
DB_MAG_00049	26.0	0.16993464052287582	1.0	0.08333333333333333	0.0	0.0	9.0	0.391304347826087	6.0	0.031914893617021274	128.0	0.4507042253521127	76.0	0.36018957345971564	0.0	0.0	0.0	0.0	109.0	0.32831325301204817	0.0	0.0	4.0	0.03571428571428571	0.0	0.0	11.0	0.3055555555555556	18.0	0.11392405063291139	9.0	0.3333333333333333	7.0	0.05737704918032787
DB_MAG_00050	58.0	0.3790849673202614	8.0	0.6666666666666666	0.0	0.0	9.0	0.391304347826087	45.0	0.2393617021276596	145.0	0.5105633802816901	80.0	0.3791469194312796	0.0	0.0	1.0	0.005813953488372093	168.0	0.5060240963855421	1.0	0.09090909090909091	21.0	0.1875	20.0	0.18181818181818182	0.0	0.0	47.0	0.2974683544303797	0.0	0.0	45.0	0.36885245901639346
DB_MAG_00051	121.0	0.7908496732026143	12.0	1.0	1.0	0.03571428571428571	17.0	0.7391304347826086	89.0	0.4734042553191489	255.0	0.897887323943662	184.0	0.8720379146919431	1.0	0.2	14.0	0.08139534883720931	289.0	0.8704819277108434	7.0	0.6363636363636364	40.0	0.35714285714285715	103.0	0.9363636363636364	17.0	0.4722222222222222	118.0	0.7468354430379747	6.0	0.2222222222222222	82.0	0.6721311475409836
DB_MAG_00052	15.0	0.09803921568627451	0.0	0.0	0.0	0.0	1.0	0.043478260869565216	5.0	0.026595744680851064	48.0	0.16901408450704225	26.0	0.12322274881516587	0.0	0.0	0.0	0.0	17.0	0.05120481927710843	1.0	0.09090909090909091	0.0	0.0	1.0	0.00909090909090909	0.0	0.0	9.0	0.056962025316455694	0.0	0.0	7.0	0.05737704918032787
DB_MAG_00053	6.0	0.0392156862745098	2.0	0.16666666666666666	0.0	0.0	0.0	0.0	1.0	0.005319148936170213	3.0	0.01056338028169014	14.0	0.06635071090047394	0.0	0.0	0.0	0.0	23.0	0.06927710843373494	0.0	0.0	2.0	0.017857142857142856	0.0	0.0	0.0	0.0	7.0	0.04430379746835443	0.0	0.0	2.0	0.01639344262295082
DB_MAG_00054	4.0	0.026143790849673203	0.0	0.0	0.0	0.0	0.0	0.0	0.0	0.0	8.0	0.028169014084507043	19.0	0.09004739336492891	0.0	0.0	0.0	0.0	9.0	0.02710843373493976	0.0	0.0	0.0	0.0	1.0	0.00909090909090909	0.0	0.0	8.0	0.05063291139240506	0.0	0.0	6.0	0.04918032786885246
DB_MAG_00055	68.0	0.4444444444444444	9.0	0.75	0.0	0.0	21.0	0.9130434782608695	142.0	0.7553191489361702	207.0	0.7288732394366197	140.0	0.6635071090047393	1.0	0.2	4.0	0.023255813953488372	297.0	0.8945783132530121	4.0	0.36363636363636365	7.0	0.0625	55.0	0.5	1.0	0.027777777777777776	124.0	0.7848101265822784	0.0	0.0	80.0	0.6557377049180327
DB_MAG_00056	20.0	0.13071895424836602	0.0	0.0	0.0	0.0	0.0	0.0	1.0	0.005319148936170213	13.0	0.045774647887323945	16.0	0.07582938388625593	0.0	0.0	0.0	0.0	14.0	0.04216867469879518	0.0	0.0	0.0	0.0	0.0	0.0	0.0	0.0	0.0	0.0	0.0	0.0	4.0	0.03278688524590164
DB_MAG_00057	0.0	0.0	0.0	0.0	0.0	0.0	2.0	0.08695652173913043	1.0	0.005319148936170213	3.0	0.01056338028169014	0.0	0.0	0.0	0.0	0.0	0.0	0.0	0.0	0.0	0.0	0.0	0.0	1.0	0.00909090909090909	0.0	0.0	1.0	0.006329113924050633	0.0	0.0	6.0	0.04918032786885246
DB_MAG_00058	20.0	0.13071895424836602	1.0	0.08333333333333333	0.0	0.0	0.0	0.0	3.0	0.015957446808510637	27.0	0.09507042253521127	13.0	0.061611374407582936	0.0	0.0	0.0	0.0	39.0	0.11746987951807229	0.0	0.0	1.0	0.008928571428571428	0.0	0.0	0.0	0.0	10.0	0.06329113924050633	0.0	0.0	1.0	0.00819672131147541
DB_MAG_00059	5.0	0.032679738562091505	0.0	0.0	2.0	0.07142857142857142	1.0	0.043478260869565216	0.0	0.0	22.0	0.07746478873239436	14.0	0.06635071090047394	2.0	0.4	2.0	0.011627906976744186	19.0	0.0572289156626506	0.0	0.0	5.0	0.044642857142857144	0.0	0.0	5.0	0.1388888888888889	3.0	0.0189873417721519	0.0	0.0	3.0	0.02459016393442623
DB_MAG_00060	75.0	0.49019607843137253	8.0	0.6666666666666666	0.0	0.0	9.0	0.391304347826087	82.0	0.43617021276595747	180.0	0.6338028169014085	118.0	0.5592417061611374	4.0	0.8	4.0	0.023255813953488372	236.0	0.7108433734939759	3.0	0.2727272727272727	28.0	0.25	37.0	0.33636363636363636	4.0	0.1111111111111111	81.0	0.5126582278481012	4.0	0.14814814814814814	53.0	0.4344262295081967
DB_MAG_00061	118.0	0.7712418300653595	2.0	0.16666666666666666	0.0	0.0	22.0	0.9565217391304348	46.0	0.24468085106382978	126.0	0.44366197183098594	176.0	0.8341232227488151	0.0	0.0	1.0	0.005813953488372093	75.0	0.22590361445783133	1.0	0.09090909090909091	1.0	0.008928571428571428	33.0	0.3	0.0	0.0	82.0	0.5189873417721519	0.0	0.0	82.0	0.6721311475409836
DB_MAG_00062	94.0	0.6143790849673203	10.0	0.8333333333333334	0.0	0.0	8.0	0.34782608695652173	32.0	0.1702127659574468	172.0	0.6056338028169014	142.0	0.6729857819905213	2.0	0.4	2.0	0.011627906976744186	257.0	0.7740963855421686	3.0	0.2727272727272727	39.0	0.3482142857142857	55.0	0.5	19.0	0.5277777777777778	103.0	0.6518987341772152	5.0	0.18518518518518517	54.0	0.4426229508196721
DB_MAG_00063	12.0	0.0784313725490196	3.0	0.25	0.0	0.0	3.0	0.13043478260869565	29.0	0.15425531914893617	54.0	0.19014084507042253	19.0	0.09004739336492891	2.0	0.4	6.0	0.03488372093023256	23.0	0.06927710843373494	0.0	0.0	27.0	0.24107142857142858	16.0	0.14545454545454545	13.0	0.3611111111111111	22.0	0.13924050632911392	2.0	0.07407407407407407	12.0	0.09836065573770492
DB_MAG_00064	14.0	0.0915032679738562	4.0	0.3333333333333333	0.0	0.0	11.0	0.4782608695652174	4.0	0.02127659574468085	100.0	0.352112676056338	71.0	0.33649289099526064	0.0	0.0	0.0	0.0	33.0	0.09939759036144578	0.0	0.0	0.0	0.0	1.0	0.00909090909090909	0.0	0.0	26.0	0.16455696202531644	0.0	0.0	27.0	0.22131147540983606
DB_MAG_00065	37.0	0.24183006535947713	4.0	0.3333333333333333	0.0	0.0	3.0	0.13043478260869565	43.0	0.22872340425531915	82.0	0.2887323943661972	47.0	0.22274881516587677	3.0	0.6	14.0	0.08139534883720931	114.0	0.3433734939759036	2.0	0.18181818181818182	61.0	0.5446428571428571	19.0	0.17272727272727273	2.0	0.05555555555555555	19.0	0.12025316455696203	0.0	0.0	14.0	0.11475409836065574
DB_MAG_00066	32.0	0.20915032679738563	1.0	0.08333333333333333	0.0	0.0	6.0	0.2608695652173913	1.0	0.005319148936170213	77.0	0.2711267605633803	41.0	0.1943127962085308	0.0	0.0	0.0	0.0	28.0	0.08433734939759036	0.0	0.0	0.0	0.0	0.0	0.0	0.0	0.0	39.0	0.2468354430379747	0.0	0.0	14.0	0.11475409836065574
DB_MAG_00067	27.0	0.17647058823529413	0.0	0.0	0.0	0.0	0.0	0.0	0.0	0.0	14.0	0.04929577464788732	13.0	0.061611374407582936	1.0	0.2	0.0	0.0	66.0	0.19879518072289157	0.0	0.0	18.0	0.16071428571428573	0.0	0.0	9.0	0.25	10.0	0.06329113924050633	0.0	0.0	3.0	0.02459016393442623
DB_MAG_00068	79.0	0.5163398692810458	0.0	0.0	0.0	0.0	11.0	0.4782608695652174	7.0	0.03723404255319149	164.0	0.5774647887323944	145.0	0.6872037914691943	1.0	0.2	2.0	0.011627906976744186	179.0	0.5391566265060241	2.0	0.18181818181818182	20.0	0.17857142857142858	59.0	0.5363636363636364	20.0	0.5555555555555556	59.0	0.37341772151898733	2.0	0.07407407407407407	42.0	0.3442622950819672
DB_MAG_00069	35.0	0.22875816993464052	5.0	0.4166666666666667	0.0	0.0	0.0	0.0	14.0	0.07446808510638298	13.0	0.045774647887323945	53.0	0.25118483412322273	1.0	0.2	0.0	0.0	14.0	0.04216867469879518	0.0	0.0	28.0	0.25	0.0	0.0	0.0	0.0	10.0	0.06329113924050633	0.0	0.0	6.0	0.04918032786885246
DB_MAG_00070	74.0	0.48366013071895425	1.0	0.08333333333333333	0.0	0.0	0.0	0.0	0.0	0.0	47.0	0.16549295774647887	56.0	0.26540284360189575	0.0	0.0	1.0	0.005813953488372093	105.0	0.31626506024096385	0.0	0.0	5.0	0.044642857142857144	4.0	0.03636363636363636	1.0	0.027777777777777776	35.0	0.22151898734177214	0.0	0.0	16.0	0.13114754098360656
DB_MAG_00071	3.0	0.0196078431372549	1.0	0.08333333333333333	0.0	0.0	0.0	0.0	0.0	0.0	1.0	0.0035211267605633804	3.0	0.014218009478672985	0.0	0.0	0.0	0.0	1.0	0.0030120481927710845	0.0	0.0	0.0	0.0	1.0	0.00909090909090909	0.0	0.0	3.0	0.0189873417721519	0.0	0.0	0.0	0.0
DB_MAG_00072	4.0	0.026143790849673203	0.0	0.0	0.0	0.0	1.0	0.043478260869565216	0.0	0.0	11.0	0.03873239436619718	8.0	0.037914691943127965	0.0	0.0	0.0	0.0	0.0	0.0	0.0	0.0	0.0	0.0	0.0	0.0	0.0	0.0	0.0	0.0	0.0	0.0	0.0	0.0
DB_MAG_00073	1.0	0.006535947712418301	0.0	0.0	0.0	0.0	0.0	0.0	0.0	0.0	4.0	0.014084507042253521	6.0	0.02843601895734597	0.0	0.0	0.0	0.0	1.0	0.0030120481927710845	0.0	0.0	0.0	0.0	0.0	0.0	0.0	0.0	1.0	0.006329113924050633	0.0	0.0	2.0	0.01639344262295082
DB_MAG_00074	4.0	0.026143790849673203	0.0	0.0	0.0	0.0	0.0	0.0	2.0	0.010638297872340425	3.0	0.01056338028169014	1.0	0.004739336492890996	0.0	0.0	0.0	0.0	1.0	0.0030120481927710845	0.0	0.0	0.0	0.0	0.0	0.0	0.0	0.0	1.0	0.006329113924050633	0.0	0.0	0.0	0.0
DB_MAG_00075	0.0	0.0	0.0	0.0	0.0	0.0	0.0	0.0	0.0	0.0	1.0	0.0035211267605633804	0.0	0.0	0.0	0.0	0.0	0.0	0.0	0.0	0.0	0.0	4.0	0.03571428571428571	0.0	0.0	7.0	0.19444444444444445	0.0	0.0	0.0	0.0	0.0	0.0
DB_MAG_00076	22.0	0.1437908496732026	4.0	0.3333333333333333	0.0	0.0	6.0	0.2608695652173913	6.0	0.031914893617021274	105.0	0.36971830985915494	40.0	0.1895734597156398	0.0	0.0	0.0	0.0	50.0	0.15060240963855423	0.0	0.0	0.0	0.0	0.0	0.0	0.0	0.0	29.0	0.18354430379746836	0.0	0.0	11.0	0.09016393442622951
DB_MAG_00077	46.0	0.3006535947712418	1.0	0.08333333333333333	2.0	0.07142857142857142	11.0	0.4782608695652174	8.0	0.0425531914893617	177.0	0.6232394366197183	96.0	0.4549763033175355	4.0	0.8	4.0	0.023255813953488372	130.0	0.39156626506024095	0.0	0.0	21.0	0.1875	74.0	0.6727272727272727	21.0	0.5833333333333334	42.0	0.26582278481012656	10.0	0.37037037037037035	24.0	0.19672131147540983
DB_MAG_00078	57.0	0.37254901960784315	9.0	0.75	2.0	0.07142857142857142	19.0	0.8260869565217391	105.0	0.5585106382978723	209.0	0.7359154929577465	119.0	0.5639810426540285	5.0	1.0	12.0	0.06976744186046512	258.0	0.7771084337349398	2.0	0.18181818181818182	34.0	0.30357142857142855	104.0	0.9454545454545454	19.0	0.5277777777777778	75.0	0.47468354430379744	17.0	0.6296296296296297	76.0	0.6229508196721312
DB_MAG_00079	0.0	0.0	0.0	0.0	0.0	0.0	0.0	0.0	0.0	0.0	2.0	0.007042253521126761	2.0	0.009478672985781991	1.0	0.2	2.0	0.011627906976744186	3.0	0.009036144578313253	0.0	0.0	3.0	0.026785714285714284	0.0	0.0	12.0	0.3333333333333333	0.0	0.0	0.0	0.0	1.0	0.00819672131147541
DB_MAG_00080	73.0	0.477124183006536	11.0	0.9166666666666666	0.0	0.0	12.0	0.5217391304347826	86.0	0.4574468085106383	229.0	0.8063380281690141	142.0	0.6729857819905213	3.0	0.6	4.0	0.023255813953488372	277.0	0.8343373493975904	5.0	0.45454545454545453	19.0	0.16964285714285715	75.0	0.6818181818181818	14.0	0.3888888888888889	99.0	0.6265822784810127	9.0	0.3333333333333333	58.0	0.47540983606557374
DB_MAG_00081	38.0	0.24836601307189543	4.0	0.3333333333333333	0.0	0.0	16.0	0.6956521739130435	26.0	0.13829787234042554	108.0	0.38028169014084506	137.0	0.6492890995260664	0.0	0.0	0.0	0.0	118.0	0.35542168674698793	1.0	0.09090909090909091	0.0	0.0	25.0	0.22727272727272727	0.0	0.0	71.0	0.44936708860759494	0.0	0.0	40.0	0.32786885245901637
DB_MAG_00082	3.0	0.0196078431372549	0.0	0.0	0.0	0.0	0.0	0.0	1.0	0.005319148936170213	5.0	0.017605633802816902	3.0	0.014218009478672985	0.0	0.0	0.0	0.0	4.0	0.012048192771084338	0.0	0.0	2.0	0.017857142857142856	0.0	0.0	7.0	0.19444444444444445	6.0	0.0379746835443038	0.0	0.0	4.0	0.03278688524590164
DB_MAG_00083	3.0	0.0196078431372549	0.0	0.0	0.0	0.0	0.0	0.0	2.0	0.010638297872340425	12.0	0.04225352112676056	9.0	0.04265402843601896	0.0	0.0	4.0	0.023255813953488372	17.0	0.05120481927710843	0.0	0.0	2.0	0.017857142857142856	0.0	0.0	4.0	0.1111111111111111	1.0	0.006329113924050633	0.0	0.0	0.0	0.0
DB_MAG_00084	39.0	0.2549019607843137	3.0	0.25	2.0	0.07142857142857142	4.0	0.17391304347826086	49.0	0.26063829787234044	76.0	0.2676056338028169	44.0	0.20853080568720378	2.0	0.4	23.0	0.13372093023255813	65.0	0.19578313253012047	2.0	0.18181818181818182	35.0	0.3125	30.0	0.2727272727272727	19.0	0.5277777777777778	23.0	0.14556962025316456	9.0	0.3333333333333333	8.0	0.06557377049180328
DB_MAG_00085	7.0	0.0457516339869281	1.0	0.08333333333333333	0.0	0.0	0.0	0.0	6.0	0.031914893617021274	32.0	0.11267605633802817	23.0	0.10900473933649289	0.0	0.0	4.0	0.023255813953488372	52.0	0.1566265060240964	0.0	0.0	4.0	0.03571428571428571	1.0	0.00909090909090909	5.0	0.1388888888888889	3.0	0.0189873417721519	5.0	0.18518518518518517	3.0	0.02459016393442623
DB_MAG_00086	75.0	0.49019607843137253	3.0	0.25	0.0	0.0	22.0	0.9565217391304348	31.0	0.16489361702127658	215.0	0.7570422535211268	105.0	0.4976303317535545	0.0	0.0	0.0	0.0	118.0	0.35542168674698793	4.0	0.36363636363636365	0.0	0.0	29.0	0.2636363636363636	0.0	0.0	102.0	0.6455696202531646	0.0	0.0	55.0	0.45081967213114754
DB_MAG_00087	89.0	0.5816993464052288	1.0	0.08333333333333333	1.0	0.03571428571428571	2.0	0.08695652173913043	14.0	0.07446808510638298	38.0	0.13380281690140844	38.0	0.18009478672985782	0.0	0.0	0.0	0.0	43.0	0.12951807228915663	1.0	0.09090909090909091	5.0	0.044642857142857144	34.0	0.3090909090909091	1.0	0.027777777777777776	31.0	0.1962025316455696	0.0	0.0	12.0	0.09836065573770492
DB_MAG_00088	21.0	0.13725490196078433	2.0	0.16666666666666666	0.0	0.0	3.0	0.13043478260869565	44.0	0.23404255319148937	59.0	0.20774647887323944	41.0	0.1943127962085308	1.0	0.2	13.0	0.0755813953488372	60.0	0.18072289156626506	2.0	0.18181818181818182	34.0	0.30357142857142855	9.0	0.08181818181818182	3.0	0.08333333333333333	9.0	0.056962025316455694	0.0	0.0	19.0	0.1557377049180328
DB_MAG_00089	100.0	0.6535947712418301	9.0	0.75	0.0	0.0	5.0	0.21739130434782608	11.0	0.05851063829787234	110.0	0.3873239436619718	112.0	0.5308056872037915	2.0	0.4	0.0	0.0	193.0	0.5813253012048193	4.0	0.36363636363636365	20.0	0.17857142857142858	40.0	0.36363636363636365	7.0	0.19444444444444445	94.0	0.5949367088607594	5.0	0.18518518518518517	50.0	0.4098360655737705
DB_MAG_00090	79.0	0.5163398692810458	7.0	0.5833333333333334	0.0	0.0	10.0	0.43478260869565216	14.0	0.07446808510638298	158.0	0.5563380281690141	121.0	0.5734597156398105	1.0	0.2	1.0	0.005813953488372093	197.0	0.5933734939759037	0.0	0.0	20.0	0.17857142857142858	31.0	0.2818181818181818	1.0	0.027777777777777776	47.0	0.2974683544303797	0.0	0.0	41.0	0.3360655737704918
DB_MAG_00091	5.0	0.032679738562091505	0.0	0.0	0.0	0.0	0.0	0.0	2.0	0.010638297872340425	7.0	0.02464788732394366	3.0	0.014218009478672985	0.0	0.0	0.0	0.0	21.0	0.06325301204819277	0.0	0.0	3.0	0.026785714285714284	0.0	0.0	1.0	0.027777777777777776	0.0	0.0	2.0	0.07407407407407407	1.0	0.00819672131147541
DB_MAG_00092	48.0	0.3137254901960784	0.0	0.0	0.0	0.0	0.0	0.0	0.0	0.0	6.0	0.02112676056338028	37.0	0.17535545023696683	0.0	0.0	0.0	0.0	57.0	0.1716867469879518	0.0	0.0	16.0	0.14285714285714285	0.0	0.0	5.0	0.1388888888888889	13.0	0.08227848101265822	11.0	0.4074074074074074	7.0	0.05737704918032787
DB_MAG_00093	1.0	0.006535947712418301	0.0	0.0	0.0	0.0	0.0	0.0	0.0	0.0	6.0	0.02112676056338028	2.0	0.009478672985781991	0.0	0.0	0.0	0.0	0.0	0.0	0.0	0.0	0.0	0.0	2.0	0.01818181818181818	2.0	0.05555555555555555	1.0	0.006329113924050633	0.0	0.0	3.0	0.02459016393442623
DB_MAG_00094	64.0	0.41830065359477125	0.0	0.0	0.0	0.0	13.0	0.5652173913043478	51.0	0.2712765957446808	172.0	0.6056338028169014	129.0	0.6113744075829384	1.0	0.2	2.0	0.011627906976744186	141.0	0.4246987951807229	3.0	0.2727272727272727	5.0	0.044642857142857144	77.0	0.7	11.0	0.3055555555555556	77.0	0.4873417721518987	0.0	0.0	33.0	0.27049180327868855
DB_MAG_00095	43.0	0.28104575163398693	1.0	0.08333333333333333	0.0	0.0	11.0	0.4782608695652174	5.0	0.026595744680851064	74.0	0.2605633802816901	62.0	0.2938388625592417	0.0	0.0	0.0	0.0	27.0	0.08132530120481928	0.0	0.0	0.0	0.0	11.0	0.1	0.0	0.0	56.0	0.35443037974683544	0.0	0.0	37.0	0.30327868852459017
DB_MAG_00096	41.0	0.2679738562091503	4.0	0.3333333333333333	0.0	0.0	2.0	0.08695652173913043	64.0	0.3404255319148936	29.0	0.10211267605633803	37.0	0.17535545023696683	1.0	0.2	0.0	0.0	86.0	0.25903614457831325	0.0	0.0	12.0	0.10714285714285714	7.0	0.06363636363636363	5.0	0.1388888888888889	38.0	0.24050632911392406	3.0	0.1111111111111111	11.0	0.09016393442622951
DB_MAG_00097	3.0	0.0196078431372549	0.0	0.0	0.0	0.0	0.0	0.0	0.0	0.0	5.0	0.017605633802816902	0.0	0.0	0.0	0.0	0.0	0.0	3.0	0.009036144578313253	0.0	0.0	0.0	0.0	0.0	0.0	0.0	0.0	2.0	0.012658227848101266	0.0	0.0	2.0	0.01639344262295082
DB_MAG_00098	23.0	0.1503267973856209	0.0	0.0	0.0	0.0	4.0	0.17391304347826086	19.0	0.10106382978723404	31.0	0.10915492957746478	14.0	0.06635071090047394	0.0	0.0	4.0	0.023255813953488372	33.0	0.09939759036144578	0.0	0.0	3.0	0.026785714285714284	11.0	0.1	6.0	0.16666666666666666	10.0	0.06329113924050633	0.0	0.0	11.0	0.09016393442622951
DB_MAG_00099	0.0	0.0	0.0	0.0	0.0	0.0	0.0	0.0	0.0	0.0	0.0	0.0	0.0	0.0	0.0	0.0	0.0	0.0	0.0	0.0	0.0	0.0	0.0	0.0	0.0	0.0	0.0	0.0	0.0	0.0	0.0	0.0	0.0	0.0
DB_MAG_00100	10.0	0.06535947712418301	0.0	0.0	0.0	0.0	5.0	0.21739130434782608	9.0	0.047872340425531915	43.0	0.15140845070422534	20.0	0.0947867298578199	1.0	0.2	11.0	0.06395348837209303	68.0	0.20481927710843373	1.0	0.09090909090909091	10.0	0.08928571428571429	6.0	0.05454545454545454	10.0	0.2777777777777778	7.0	0.04430379746835443	1.0	0.037037037037037035	7.0	0.05737704918032787
DB_MAG_00101	73.0	0.477124183006536	4.0	0.3333333333333333	0.0	0.0	22.0	0.9565217391304348	88.0	0.46808510638297873	202.0	0.7112676056338029	132.0	0.6255924170616114	0.0	0.0	0.0	0.0	146.0	0.4397590361445783	4.0	0.36363636363636365	0.0	0.0	50.0	0.45454545454545453	0.0	0.0	120.0	0.759493670886076	0.0	0.0	99.0	0.8114754098360656
DB_MAG_00102	126.0	0.8235294117647058	12.0	1.0	3.0	0.10714285714285714	23.0	1.0	186.0	0.9893617021276596	274.0	0.9647887323943662	201.0	0.95260663507109	1.0	0.2	20.0	0.11627906976744186	328.0	0.9879518072289156	8.0	0.7272727272727273	22.0	0.19642857142857142	101.0	0.9181818181818182	6.0	0.16666666666666666	153.0	0.9683544303797469	0.0	0.0	116.0	0.9508196721311475
DB_MAG_00103	58.0	0.3790849673202614	1.0	0.08333333333333333	0.0	0.0	12.0	0.5217391304347826	34.0	0.18085106382978725	44.0	0.15492957746478872	92.0	0.43601895734597157	0.0	0.0	0.0	0.0	99.0	0.29819277108433734	0.0	0.0	1.0	0.008928571428571428	20.0	0.18181818181818182	0.0	0.0	78.0	0.4936708860759494	0.0	0.0	46.0	0.3770491803278688
DB_MAG_00104	10.0	0.06535947712418301	0.0	0.0	0.0	0.0	2.0	0.08695652173913043	0.0	0.0	31.0	0.10915492957746478	15.0	0.07109004739336493	0.0	0.0	0.0	0.0	14.0	0.04216867469879518	0.0	0.0	3.0	0.026785714285714284	1.0	0.00909090909090909	3.0	0.08333333333333333	9.0	0.056962025316455694	0.0	0.0	2.0	0.01639344262295082
DB_MAG_00105	16.0	0.10457516339869281	0.0	0.0	0.0	0.0	7.0	0.30434782608695654	3.0	0.015957446808510637	72.0	0.2535211267605634	34.0	0.16113744075829384	0.0	0.0	2.0	0.011627906976744186	57.0	0.1716867469879518	0.0	0.0	20.0	0.17857142857142858	0.0	0.0	15.0	0.4166666666666667	4.0	0.02531645569620253	4.0	0.14814814814814814	10.0	0.08196721311475409
DB_MAG_00106	19.0	0.12418300653594772	1.0	0.08333333333333333	0.0	0.0	5.0	0.21739130434782608	8.0	0.0425531914893617	69.0	0.24295774647887325	56.0	0.26540284360189575	0.0	0.0	8.0	0.046511627906976744	63.0	0.1897590361445783	1.0	0.09090909090909091	8.0	0.07142857142857142	4.0	0.03636363636363636	10.0	0.2777777777777778	6.0	0.0379746835443038	3.0	0.1111111111111111	9.0	0.07377049180327869
DB_MAG_00107	9.0	0.058823529411764705	0.0	0.0	0.0	0.0	0.0	0.0	2.0	0.010638297872340425	50.0	0.176056338028169	17.0	0.08056872037914692	4.0	0.8	1.0	0.005813953488372093	67.0	0.20180722891566266	0.0	0.0	41.0	0.36607142857142855	71.0	0.6454545454545455	8.0	0.2222222222222222	11.0	0.06962025316455696	4.0	0.14814814814814814	5.0	0.040983606557377046
DB_MAG_00108	24.0	0.1568627450980392	2.0	0.16666666666666666	0.0	0.0	5.0	0.21739130434782608	9.0	0.047872340425531915	82.0	0.2887323943661972	68.0	0.3222748815165877	2.0	0.4	1.0	0.005813953488372093	43.0	0.12951807228915663	1.0	0.09090909090909091	8.0	0.07142857142857142	35.0	0.3181818181818182	10.0	0.2777777777777778	19.0	0.12025316455696203	1.0	0.037037037037037035	14.0	0.11475409836065574
DB_MAG_00109	2.0	0.013071895424836602	0.0	0.0	0.0	0.0	0.0	0.0	0.0	0.0	12.0	0.04225352112676056	3.0	0.014218009478672985	0.0	0.0	0.0	0.0	0.0	0.0	0.0	0.0	0.0	0.0	0.0	0.0	0.0	0.0	0.0	0.0	0.0	0.0	0.0	0.0
DB_MAG_00110	89.0	0.5816993464052288	11.0	0.9166666666666666	1.0	0.03571428571428571	20.0	0.8695652173913043	142.0	0.7553191489361702	223.0	0.7852112676056338	162.0	0.7677725118483413	3.0	0.6	50.0	0.29069767441860467	285.0	0.858433734939759	3.0	0.2727272727272727	77.0	0.6875	46.0	0.41818181818181815	21.0	0.5833333333333334	109.0	0.689873417721519	1.0	0.037037037037037035	88.0	0.7213114754098361
DB_MAG_00111	42.0	0.27450980392156865	1.0	0.08333333333333333	0.0	0.0	13.0	0.5652173913043478	27.0	0.14361702127659576	148.0	0.5211267605633803	74.0	0.35071090047393366	5.0	1.0	2.0	0.011627906976744186	153.0	0.4608433734939759	0.0	0.0	14.0	0.125	80.0	0.7272727272727273	12.0	0.3333333333333333	46.0	0.2911392405063291	4.0	0.14814814814814814	32.0	0.26229508196721313
DB_MAG_00112	88.0	0.5751633986928104	10.0	0.8333333333333334	4.0	0.14285714285714285	18.0	0.782608695652174	103.0	0.5478723404255319	239.0	0.8415492957746479	169.0	0.8009478672985783	5.0	1.0	40.0	0.23255813953488372	267.0	0.8042168674698795	3.0	0.2727272727272727	51.0	0.45535714285714285	105.0	0.9545454545454546	33.0	0.9166666666666666	80.0	0.5063291139240507	22.0	0.8148148148148148	73.0	0.5983606557377049
DB_MAG_00113	83.0	0.5424836601307189	9.0	0.75	2.0	0.07142857142857142	18.0	0.782608695652174	93.0	0.4946808510638298	210.0	0.7394366197183099	161.0	0.7630331753554502	3.0	0.6	7.0	0.040697674418604654	205.0	0.6174698795180723	3.0	0.2727272727272727	39.0	0.3482142857142857	62.0	0.5636363636363636	5.0	0.1388888888888889	90.0	0.569620253164557	4.0	0.14814814814814814	69.0	0.5655737704918032
DB_MAG_00114	12.0	0.0784313725490196	7.0	0.5833333333333334	0.0	0.0	8.0	0.34782608695652173	32.0	0.1702127659574468	109.0	0.38380281690140844	77.0	0.36492890995260663	0.0	0.0	0.0	0.0	75.0	0.22590361445783133	0.0	0.0	0.0	0.0	3.0	0.02727272727272727	0.0	0.0	61.0	0.3860759493670886	0.0	0.0	23.0	0.1885245901639344
DB_MAG_00115	76.0	0.49673202614379086	12.0	1.0	0.0	0.0	18.0	0.782608695652174	147.0	0.7819148936170213	231.0	0.8133802816901409	107.0	0.5071090047393365	4.0	0.8	1.0	0.005813953488372093	272.0	0.8192771084337349	5.0	0.45454545454545453	30.0	0.26785714285714285	96.0	0.8727272727272727	3.0	0.08333333333333333	110.0	0.6962025316455697	3.0	0.1111111111111111	53.0	0.4344262295081967
DB_MAG_00116	120.0	0.7843137254901961	5.0	0.4166666666666667	6.0	0.21428571428571427	19.0	0.8260869565217391	43.0	0.22872340425531915	195.0	0.6866197183098591	163.0	0.7725118483412322	5.0	1.0	37.0	0.21511627906976744	288.0	0.8674698795180723	7.0	0.6363636363636364	99.0	0.8839285714285714	108.0	0.9818181818181818	33.0	0.9166666666666666	123.0	0.7784810126582279	8.0	0.2962962962962963	73.0	0.5983606557377049
DB_MAG_00117	7.0	0.0457516339869281	0.0	0.0	0.0	0.0	1.0	0.043478260869565216	6.0	0.031914893617021274	26.0	0.09154929577464789	13.0	0.061611374407582936	0.0	0.0	1.0	0.005813953488372093	22.0	0.06626506024096386	0.0	0.0	12.0	0.10714285714285714	3.0	0.02727272727272727	8.0	0.2222222222222222	8.0	0.05063291139240506	2.0	0.07407407407407407	6.0	0.04918032786885246
DB_MAG_00118	0.0	0.0	0.0	0.0	0.0	0.0	0.0	0.0	1.0	0.005319148936170213	1.0	0.0035211267605633804	2.0	0.009478672985781991	0.0	0.0	1.0	0.005813953488372093	1.0	0.0030120481927710845	0.0	0.0	0.0	0.0	0.0	0.0	2.0	0.05555555555555555	0.0	0.0	0.0	0.0	0.0	0.0
DB_MAG_00119	44.0	0.2875816993464052	1.0	0.08333333333333333	0.0	0.0	0.0	0.0	0.0	0.0	43.0	0.15140845070422534	61.0	0.2890995260663507	0.0	0.0	0.0	0.0	106.0	0.3192771084337349	0.0	0.0	5.0	0.044642857142857144	4.0	0.03636363636363636	3.0	0.08333333333333333	23.0	0.14556962025316456	1.0	0.037037037037037035	9.0	0.07377049180327869
DB_MAG_00120	77.0	0.5032679738562091	9.0	0.75	0.0	0.0	19.0	0.8260869565217391	69.0	0.3670212765957447	221.0	0.778169014084507	162.0	0.7677725118483413	0.0	0.0	4.0	0.023255813953488372	271.0	0.8162650602409639	2.0	0.18181818181818182	7.0	0.0625	25.0	0.22727272727272727	1.0	0.027777777777777776	112.0	0.7088607594936709	0.0	0.0	46.0	0.3770491803278688
DB_MAG_00121	11.0	0.0718954248366013	0.0	0.0	0.0	0.0	1.0	0.043478260869565216	0.0	0.0	16.0	0.056338028169014086	23.0	0.10900473933649289	0.0	0.0	0.0	0.0	10.0	0.030120481927710843	0.0	0.0	0.0	0.0	0.0	0.0	0.0	0.0	5.0	0.03164556962025317	0.0	0.0	6.0	0.04918032786885246
DB_MAG_00122	29.0	0.1895424836601307	4.0	0.3333333333333333	0.0	0.0	4.0	0.17391304347826086	15.0	0.0797872340425532	60.0	0.2112676056338028	43.0	0.2037914691943128	0.0	0.0	6.0	0.03488372093023256	63.0	0.1897590361445783	2.0	0.18181818181818182	13.0	0.11607142857142858	4.0	0.03636363636363636	10.0	0.2777777777777778	17.0	0.10759493670886076	1.0	0.037037037037037035	7.0	0.05737704918032787
DB_MAG_00123	5.0	0.032679738562091505	0.0	0.0	0.0	0.0	2.0	0.08695652173913043	1.0	0.005319148936170213	9.0	0.03169014084507042	6.0	0.02843601895734597	0.0	0.0	2.0	0.011627906976744186	25.0	0.07530120481927711	0.0	0.0	10.0	0.08928571428571429	0.0	0.0	6.0	0.16666666666666666	1.0	0.006329113924050633	0.0	0.0	5.0	0.040983606557377046
DB_MAG_00124	53.0	0.3464052287581699	10.0	0.8333333333333334	0.0	0.0	21.0	0.9130434782608695	127.0	0.675531914893617	259.0	0.9119718309859155	179.0	0.8483412322274881	0.0	0.0	3.0	0.01744186046511628	294.0	0.8855421686746988	3.0	0.2727272727272727	13.0	0.11607142857142858	58.0	0.5272727272727272	2.0	0.05555555555555555	124.0	0.7848101265822784	0.0	0.0	77.0	0.6311475409836066
DB_MAG_00125	56.0	0.3660130718954248	2.0	0.16666666666666666	0.0	0.0	9.0	0.391304347826087	25.0	0.13297872340425532	165.0	0.5809859154929577	122.0	0.5781990521327014	5.0	1.0	12.0	0.06976744186046512	138.0	0.41566265060240964	0.0	0.0	31.0	0.2767857142857143	68.0	0.6181818181818182	29.0	0.8055555555555556	42.0	0.26582278481012656	11.0	0.4074074074074074	37.0	0.30327868852459017
DB_MAG_00126	27.0	0.17647058823529413	9.0	0.75	0.0	0.0	16.0	0.6956521739130435	113.0	0.601063829787234	185.0	0.6514084507042254	57.0	0.27014218009478674	2.0	0.4	5.0	0.029069767441860465	183.0	0.5512048192771084	3.0	0.2727272727272727	19.0	0.16964285714285715	32.0	0.2909090909090909	4.0	0.1111111111111111	66.0	0.4177215189873418	0.0	0.0	43.0	0.3524590163934426
DB_MAG_00127	3.0	0.0196078431372549	0.0	0.0	0.0	0.0	0.0	0.0	0.0	0.0	29.0	0.10211267605633803	2.0	0.009478672985781991	0.0	0.0	0.0	0.0	9.0	0.02710843373493976	0.0	0.0	0.0	0.0	0.0	0.0	0.0	0.0	7.0	0.04430379746835443	0.0	0.0	1.0	0.00819672131147541
DB_MAG_00128	52.0	0.33986928104575165	0.0	0.0	0.0	0.0	1.0	0.043478260869565216	1.0	0.005319148936170213	42.0	0.14788732394366197	29.0	0.13744075829383887	0.0	0.0	6.0	0.03488372093023256	29.0	0.08734939759036145	0.0	0.0	15.0	0.13392857142857142	75.0	0.6818181818181818	5.0	0.1388888888888889	12.0	0.0759493670886076	0.0	0.0	7.0	0.05737704918032787
DB_MAG_00129	35.0	0.22875816993464052	3.0	0.25	0.0	0.0	9.0	0.391304347826087	26.0	0.13829787234042554	76.0	0.2676056338028169	56.0	0.26540284360189575	2.0	0.4	15.0	0.0872093023255814	91.0	0.2740963855421687	0.0	0.0	22.0	0.19642857142857142	11.0	0.1	16.0	0.4444444444444444	32.0	0.20253164556962025	0.0	0.0	22.0	0.18032786885245902
DB_MAG_00130	41.0	0.2679738562091503	1.0	0.08333333333333333	0.0	0.0	7.0	0.30434782608695654	33.0	0.17553191489361702	69.0	0.24295774647887325	46.0	0.21800947867298578	1.0	0.2	2.0	0.011627906976744186	87.0	0.2620481927710843	1.0	0.09090909090909091	6.0	0.05357142857142857	7.0	0.06363636363636363	14.0	0.3888888888888889	23.0	0.14556962025316456	2.0	0.07407407407407407	24.0	0.19672131147540983
DB_MAG_00131	36.0	0.23529411764705882	5.0	0.4166666666666667	0.0	0.0	0.0	0.0	21.0	0.11170212765957446	8.0	0.028169014084507043	56.0	0.26540284360189575	3.0	0.6	0.0	0.0	77.0	0.2319277108433735	0.0	0.0	29.0	0.25892857142857145	0.0	0.0	2.0	0.05555555555555555	16.0	0.10126582278481013	0.0	0.0	4.0	0.03278688524590164
DB_MAG_00132	47.0	0.30718954248366015	8.0	0.6666666666666666	0.0	0.0	18.0	0.782608695652174	86.0	0.4574468085106383	180.0	0.6338028169014085	102.0	0.4834123222748815	0.0	0.0	28.0	0.16279069767441862	176.0	0.5301204819277109	3.0	0.2727272727272727	56.0	0.5	48.0	0.43636363636363634	7.0	0.19444444444444445	66.0	0.4177215189873418	0.0	0.0	59.0	0.48360655737704916
DB_MAG_00133	61.0	0.39869281045751637	5.0	0.4166666666666667	1.0	0.03571428571428571	12.0	0.5217391304347826	34.0	0.18085106382978725	177.0	0.6232394366197183	123.0	0.5829383886255924	5.0	1.0	40.0	0.23255813953488372	175.0	0.5271084337349398	1.0	0.09090909090909091	44.0	0.39285714285714285	96.0	0.8727272727272727	33.0	0.9166666666666666	38.0	0.24050632911392406	12.0	0.4444444444444444	30.0	0.2459016393442623
DB_MAG_00134	3.0	0.0196078431372549	0.0	0.0	0.0	0.0	0.0	0.0	0.0	0.0	6.0	0.02112676056338028	6.0	0.02843601895734597	0.0	0.0	0.0	0.0	0.0	0.0	0.0	0.0	0.0	0.0	0.0	0.0	0.0	0.0	0.0	0.0	0.0	0.0	0.0	0.0
DB_MAG_00135	95.0	0.6209150326797386	10.0	0.8333333333333334	3.0	0.10714285714285714	20.0	0.8695652173913043	143.0	0.7606382978723404	236.0	0.8309859154929577	142.0	0.6729857819905213	5.0	1.0	40.0	0.23255813953488372	255.0	0.7680722891566265	5.0	0.45454545454545453	85.0	0.7589285714285714	95.0	0.8636363636363636	13.0	0.3611111111111111	105.0	0.6645569620253164	5.0	0.18518518518518517	85.0	0.6967213114754098
DB_MAG_00136	0.0	0.0	0.0	0.0	0.0	0.0	0.0	0.0	0.0	0.0	2.0	0.007042253521126761	0.0	0.0	0.0	0.0	0.0	0.0	2.0	0.006024096385542169	0.0	0.0	1.0	0.008928571428571428	0.0	0.0	7.0	0.19444444444444445	0.0	0.0	0.0	0.0	0.0	0.0
DB_MAG_00137	97.0	0.6339869281045751	8.0	0.6666666666666666	0.0	0.0	19.0	0.8260869565217391	91.0	0.48404255319148937	131.0	0.4612676056338028	148.0	0.7014218009478673	0.0	0.0	0.0	0.0	143.0	0.4307228915662651	3.0	0.2727272727272727	1.0	0.008928571428571428	26.0	0.23636363636363636	0.0	0.0	106.0	0.6708860759493671	0.0	0.0	79.0	0.6475409836065574
DB_MAG_00138	50.0	0.32679738562091504	0.0	0.0	0.0	0.0	14.0	0.6086956521739131	14.0	0.07446808510638298	55.0	0.1936619718309859	27.0	0.12796208530805686	0.0	0.0	0.0	0.0	7.0	0.02108433734939759	0.0	0.0	0.0	0.0	4.0	0.03636363636363636	0.0	0.0	31.0	0.1962025316455696	0.0	0.0	18.0	0.14754098360655737
DB_MAG_00139	26.0	0.16993464052287582	3.0	0.25	0.0	0.0	5.0	0.21739130434782608	31.0	0.16489361702127658	92.0	0.323943661971831	35.0	0.16587677725118483	0.0	0.0	10.0	0.05813953488372093	114.0	0.3433734939759036	2.0	0.18181818181818182	17.0	0.15178571428571427	12.0	0.10909090909090909	11.0	0.3055555555555556	38.0	0.24050632911392406	0.0	0.0	24.0	0.19672131147540983
DB_MAG_00140	12.0	0.0784313725490196	0.0	0.0	0.0	0.0	2.0	0.08695652173913043	9.0	0.047872340425531915	32.0	0.11267605633802817	12.0	0.05687203791469194	1.0	0.2	1.0	0.005813953488372093	75.0	0.22590361445783133	0.0	0.0	2.0	0.017857142857142856	5.0	0.045454545454545456	5.0	0.1388888888888889	11.0	0.06962025316455696	7.0	0.25925925925925924	6.0	0.04918032786885246
DB_MAG_00141	15.0	0.09803921568627451	1.0	0.08333333333333333	0.0	0.0	2.0	0.08695652173913043	6.0	0.031914893617021274	15.0	0.0528169014084507	21.0	0.0995260663507109	0.0	0.0	0.0	0.0	37.0	0.11144578313253012	0.0	0.0	3.0	0.026785714285714284	0.0	0.0	2.0	0.05555555555555555	6.0	0.0379746835443038	0.0	0.0	2.0	0.01639344262295082
DB_MAG_00142	84.0	0.5490196078431373	11.0	0.9166666666666666	0.0	0.0	16.0	0.6956521739130435	89.0	0.4734042553191489	199.0	0.7007042253521126	111.0	0.5260663507109005	1.0	0.2	14.0	0.08139534883720931	221.0	0.6656626506024096	3.0	0.2727272727272727	41.0	0.36607142857142855	61.0	0.5545454545454546	8.0	0.2222222222222222	87.0	0.5506329113924051	6.0	0.2222222222222222	79.0	0.6475409836065574
DB_MAG_00143	25.0	0.16339869281045752	3.0	0.25	0.0	0.0	8.0	0.34782608695652173	0.0	0.0	116.0	0.4084507042253521	39.0	0.1848341232227488	2.0	0.4	2.0	0.011627906976744186	48.0	0.14457831325301204	0.0	0.0	27.0	0.24107142857142858	3.0	0.02727272727272727	5.0	0.1388888888888889	11.0	0.06962025316455696	0.0	0.0	10.0	0.08196721311475409
DB_MAG_00144	53.0	0.3464052287581699	1.0	0.08333333333333333	0.0	0.0	16.0	0.6956521739130435	18.0	0.09574468085106383	83.0	0.29225352112676056	52.0	0.24644549763033174	0.0	0.0	0.0	0.0	46.0	0.13855421686746988	1.0	0.09090909090909091	0.0	0.0	11.0	0.1	0.0	0.0	85.0	0.5379746835443038	0.0	0.0	38.0	0.3114754098360656
DB_MAG_00145	130.0	0.8496732026143791	10.0	0.8333333333333334	0.0	0.0	19.0	0.8260869565217391	106.0	0.5638297872340425	198.0	0.6971830985915493	154.0	0.7298578199052133	0.0	0.0	3.0	0.01744186046511628	271.0	0.8162650602409639	3.0	0.2727272727272727	10.0	0.08928571428571429	19.0	0.17272727272727273	6.0	0.16666666666666666	93.0	0.5886075949367089	0.0	0.0	89.0	0.7295081967213115
DB_MAG_00146	30.0	0.19607843137254902	0.0	0.0	0.0	0.0	16.0	0.6956521739130435	12.0	0.06382978723404255	116.0	0.4084507042253521	90.0	0.4265402843601896	0.0	0.0	0.0	0.0	87.0	0.2620481927710843	0.0	0.0	0.0	0.0	6.0	0.05454545454545454	0.0	0.0	65.0	0.41139240506329117	0.0	0.0	28.0	0.22950819672131148
DB_MAG_00147	106.0	0.6928104575163399	9.0	0.75	7.0	0.25	22.0	0.9565217391304348	125.0	0.6648936170212766	245.0	0.8626760563380281	150.0	0.7109004739336493	5.0	1.0	51.0	0.29651162790697677	283.0	0.8524096385542169	8.0	0.7272727272727273	85.0	0.7589285714285714	97.0	0.8818181818181818	19.0	0.5277777777777778	92.0	0.5822784810126582	5.0	0.18518518518518517	74.0	0.6065573770491803
DB_MAG_00148	138.0	0.9019607843137255	12.0	1.0	0.0	0.0	6.0	0.2608695652173913	98.0	0.5212765957446809	232.0	0.8169014084507042	196.0	0.9289099526066351	3.0	0.6	3.0	0.01744186046511628	312.0	0.9397590361445783	6.0	0.5454545454545454	50.0	0.44642857142857145	10.0	0.09090909090909091	20.0	0.5555555555555556	124.0	0.7848101265822784	2.0	0.07407407407407407	53.0	0.4344262295081967
DB_MAG_00149	37.0	0.24183006535947713	0.0	0.0	5.0	0.17857142857142858	5.0	0.21739130434782608	10.0	0.05319148936170213	25.0	0.0880281690140845	46.0	0.21800947867298578	0.0	0.0	3.0	0.01744186046511628	97.0	0.2921686746987952	1.0	0.09090909090909091	5.0	0.044642857142857144	42.0	0.38181818181818183	1.0	0.027777777777777776	45.0	0.2848101265822785	0.0	0.0	11.0	0.09016393442622951
DB_MAG_00150	95.0	0.6209150326797386	2.0	0.16666666666666666	1.0	0.03571428571428571	16.0	0.6956521739130435	63.0	0.3351063829787234	176.0	0.6197183098591549	134.0	0.6350710900473934	0.0	0.0	3.0	0.01744186046511628	146.0	0.4397590361445783	1.0	0.09090909090909091	8.0	0.07142857142857142	95.0	0.8636363636363636	16.0	0.4444444444444444	80.0	0.5063291139240507	1.0	0.037037037037037035	61.0	0.5
DB_MAG_00151	76.0	0.49673202614379086	11.0	0.9166666666666666	0.0	0.0	21.0	0.9130434782608695	177.0	0.9414893617021277	242.0	0.852112676056338	171.0	0.8104265402843602	1.0	0.2	1.0	0.005813953488372093	319.0	0.9608433734939759	3.0	0.2727272727272727	14.0	0.125	54.0	0.4909090909090909	5.0	0.1388888888888889	136.0	0.8607594936708861	0.0	0.0	93.0	0.7622950819672131
DB_MAG_00152	33.0	0.21568627450980393	1.0	0.08333333333333333	0.0	0.0	12.0	0.5217391304347826	19.0	0.10106382978723404	138.0	0.4859154929577465	108.0	0.5118483412322274	4.0	0.8	6.0	0.03488372093023256	113.0	0.34036144578313254	0.0	0.0	27.0	0.24107142857142858	88.0	0.8	24.0	0.6666666666666666	33.0	0.2088607594936709	9.0	0.3333333333333333	27.0	0.22131147540983606
DB_MAG_00153	74.0	0.48366013071895425	9.0	0.75	0.0	0.0	7.0	0.30434782608695654	79.0	0.42021276595744683	142.0	0.5	113.0	0.5355450236966824	1.0	0.2	0.0	0.0	212.0	0.6385542168674698	2.0	0.18181818181818182	11.0	0.09821428571428571	9.0	0.08181818181818182	0.0	0.0	81.0	0.5126582278481012	0.0	0.0	61.0	0.5
DB_MAG_00154	3.0	0.0196078431372549	0.0	0.0	0.0	0.0	0.0	0.0	0.0	0.0	17.0	0.05985915492957746	5.0	0.023696682464454975	0.0	0.0	0.0	0.0	3.0	0.009036144578313253	1.0	0.09090909090909091	0.0	0.0	0.0	0.0	0.0	0.0	1.0	0.006329113924050633	0.0	0.0	2.0	0.01639344262295082
DB_MAG_00155	117.0	0.7647058823529411	7.0	0.5833333333333334	4.0	0.14285714285714285	18.0	0.782608695652174	105.0	0.5585106382978723	246.0	0.8661971830985915	174.0	0.8246445497630331	5.0	1.0	10.0	0.05813953488372093	301.0	0.9066265060240963	5.0	0.45454545454545453	95.0	0.8482142857142857	101.0	0.9181818181818182	26.0	0.7222222222222222	83.0	0.5253164556962026	5.0	0.18518518518518517	88.0	0.7213114754098361
DB_MAG_00156	36.0	0.23529411764705882	2.0	0.16666666666666666	0.0	0.0	1.0	0.043478260869565216	2.0	0.010638297872340425	44.0	0.15492957746478872	69.0	0.32701421800947866	0.0	0.0	0.0	0.0	44.0	0.13253012048192772	0.0	0.0	2.0	0.017857142857142856	2.0	0.01818181818181818	0.0	0.0	21.0	0.13291139240506328	0.0	0.0	15.0	0.12295081967213115
DB_MAG_00157	4.0	0.026143790849673203	0.0	0.0	0.0	0.0	2.0	0.08695652173913043	2.0	0.010638297872340425	10.0	0.035211267605633804	7.0	0.03317535545023697	0.0	0.0	0.0	0.0	6.0	0.018072289156626505	0.0	0.0	6.0	0.05357142857142857	1.0	0.00909090909090909	0.0	0.0	9.0	0.056962025316455694	0.0	0.0	1.0	0.00819672131147541
DB_MAG_00158	60.0	0.39215686274509803	0.0	0.0	0.0	0.0	4.0	0.17391304347826086	0.0	0.0	8.0	0.028169014084507043	49.0	0.23222748815165878	0.0	0.0	0.0	0.0	12.0	0.03614457831325301	0.0	0.0	0.0	0.0	10.0	0.09090909090909091	0.0	0.0	34.0	0.21518987341772153	0.0	0.0	3.0	0.02459016393442623
DB_MAG_00159	20.0	0.13071895424836602	0.0	0.0	0.0	0.0	4.0	0.17391304347826086	11.0	0.05851063829787234	41.0	0.1443661971830986	29.0	0.13744075829383887	0.0	0.0	0.0	0.0	60.0	0.18072289156626506	0.0	0.0	0.0	0.0	6.0	0.05454545454545454	1.0	0.027777777777777776	10.0	0.06329113924050633	0.0	0.0	7.0	0.05737704918032787
DB_MAG_00160	91.0	0.5947712418300654	2.0	0.16666666666666666	0.0	0.0	0.0	0.0	2.0	0.010638297872340425	71.0	0.25	94.0	0.44549763033175355	2.0	0.4	0.0	0.0	177.0	0.5331325301204819	1.0	0.09090909090909091	7.0	0.0625	14.0	0.12727272727272726	1.0	0.027777777777777776	71.0	0.44936708860759494	3.0	0.1111111111111111	13.0	0.10655737704918032
DB_MAG_00161	132.0	0.8627450980392157	10.0	0.8333333333333334	2.0	0.07142857142857142	15.0	0.6521739130434783	77.0	0.4095744680851064	206.0	0.7253521126760564	179.0	0.8483412322274881	0.0	0.0	9.0	0.05232558139534884	291.0	0.8765060240963856	5.0	0.45454545454545453	73.0	0.6517857142857143	84.0	0.7636363636363637	21.0	0.5833333333333334	122.0	0.7721518987341772	6.0	0.2222222222222222	81.0	0.6639344262295082
DB_MAG_00162	141.0	0.9215686274509803	12.0	1.0	0.0	0.0	17.0	0.7391304347826086	83.0	0.44148936170212766	218.0	0.7676056338028169	197.0	0.933649289099526	2.0	0.4	0.0	0.0	298.0	0.8975903614457831	5.0	0.45454545454545453	58.0	0.5178571428571429	52.0	0.4727272727272727	11.0	0.3055555555555556	129.0	0.8164556962025317	4.0	0.14814814814814814	62.0	0.5081967213114754
DB_MAG_00163	6.0	0.0392156862745098	0.0	0.0	0.0	0.0	0.0	0.0	2.0	0.010638297872340425	0.0	0.0	4.0	0.018957345971563982	1.0	0.2	0.0	0.0	2.0	0.006024096385542169	1.0	0.09090909090909091	1.0	0.008928571428571428	1.0	0.00909090909090909	2.0	0.05555555555555555	2.0	0.012658227848101266	0.0	0.0	0.0	0.0
DB_MAG_00164	12.0	0.0784313725490196	2.0	0.16666666666666666	0.0	0.0	8.0	0.34782608695652173	17.0	0.09042553191489362	77.0	0.2711267605633803	20.0	0.0947867298578199	0.0	0.0	0.0	0.0	91.0	0.2740963855421687	0.0	0.0	7.0	0.0625	16.0	0.14545454545454545	0.0	0.0	26.0	0.16455696202531644	0.0	0.0	11.0	0.09016393442622951
DB_MAG_00165	12.0	0.0784313725490196	1.0	0.08333333333333333	0.0	0.0	9.0	0.391304347826087	22.0	0.11702127659574468	40.0	0.14084507042253522	34.0	0.16113744075829384	0.0	0.0	0.0	0.0	51.0	0.1536144578313253	0.0	0.0	7.0	0.0625	0.0	0.0	8.0	0.2222222222222222	15.0	0.0949367088607595	0.0	0.0	7.0	0.05737704918032787
DB_MAG_00166	3.0	0.0196078431372549	0.0	0.0	0.0	0.0	2.0	0.08695652173913043	3.0	0.015957446808510637	33.0	0.11619718309859155	22.0	0.10426540284360189	0.0	0.0	4.0	0.023255813953488372	26.0	0.0783132530120482	0.0	0.0	8.0	0.07142857142857142	0.0	0.0	5.0	0.1388888888888889	1.0	0.006329113924050633	4.0	0.14814814814814814	1.0	0.00819672131147541
DB_MAG_00167	11.0	0.0718954248366013	0.0	0.0	0.0	0.0	0.0	0.0	0.0	0.0	13.0	0.045774647887323945	17.0	0.08056872037914692	0.0	0.0	0.0	0.0	33.0	0.09939759036144578	1.0	0.09090909090909091	1.0	0.008928571428571428	23.0	0.20909090909090908	9.0	0.25	2.0	0.012658227848101266	0.0	0.0	8.0	0.06557377049180328
DB_MAG_00168	57.0	0.37254901960784315	2.0	0.16666666666666666	1.0	0.03571428571428571	15.0	0.6521739130434783	28.0	0.14893617021276595	195.0	0.6866197183098591	123.0	0.5829383886255924	5.0	1.0	21.0	0.12209302325581395	170.0	0.5120481927710844	1.0	0.09090909090909091	42.0	0.375	90.0	0.8181818181818182	33.0	0.9166666666666666	55.0	0.34810126582278483	15.0	0.5555555555555556	42.0	0.3442622950819672
DB_MAG_00169	127.0	0.8300653594771242	5.0	0.4166666666666667	3.0	0.10714285714285714	9.0	0.391304347826087	61.0	0.324468085106383	76.0	0.2676056338028169	94.0	0.44549763033175355	0.0	0.0	12.0	0.06976744186046512	156.0	0.46987951807228917	3.0	0.2727272727272727	39.0	0.3482142857142857	41.0	0.37272727272727274	13.0	0.3611111111111111	89.0	0.5632911392405063	0.0	0.0	23.0	0.1885245901639344
DB_MAG_00170	53.0	0.3464052287581699	3.0	0.25	1.0	0.03571428571428571	10.0	0.43478260869565216	51.0	0.2712765957446808	153.0	0.5387323943661971	114.0	0.5402843601895735	3.0	0.6	11.0	0.06395348837209303	172.0	0.5180722891566265	3.0	0.2727272727272727	38.0	0.3392857142857143	101.0	0.9181818181818182	29.0	0.8055555555555556	48.0	0.3037974683544304	8.0	0.2962962962962963	33.0	0.27049180327868855
DB_MAG_00171	47.0	0.30718954248366015	7.0	0.5833333333333334	2.0	0.07142857142857142	12.0	0.5217391304347826	104.0	0.5531914893617021	107.0	0.3767605633802817	70.0	0.33175355450236965	0.0	0.0	2.0	0.011627906976744186	169.0	0.5090361445783133	1.0	0.09090909090909091	18.0	0.16071428571428573	72.0	0.6545454545454545	10.0	0.2777777777777778	83.0	0.5253164556962026	5.0	0.18518518518518517	42.0	0.3442622950819672
DB_MAG_00172	8.0	0.05228758169934641	0.0	0.0	0.0	0.0	4.0	0.17391304347826086	26.0	0.13829787234042554	10.0	0.035211267605633804	17.0	0.08056872037914692	0.0	0.0	0.0	0.0	14.0	0.04216867469879518	0.0	0.0	0.0	0.0	0.0	0.0	0.0	0.0	41.0	0.25949367088607594	0.0	0.0	5.0	0.040983606557377046
DB_MAG_00173	102.0	0.6666666666666666	8.0	0.6666666666666666	2.0	0.07142857142857142	0.0	0.0	22.0	0.11702127659574468	126.0	0.44366197183098594	122.0	0.5781990521327014	3.0	0.6	3.0	0.01744186046511628	238.0	0.7168674698795181	2.0	0.18181818181818182	44.0	0.39285714285714285	16.0	0.14545454545454545	17.0	0.4722222222222222	77.0	0.4873417721518987	2.0	0.07407407407407407	34.0	0.2786885245901639
DB_MAG_00174	46.0	0.3006535947712418	3.0	0.25	3.0	0.10714285714285714	9.0	0.391304347826087	100.0	0.5319148936170213	118.0	0.4154929577464789	103.0	0.4881516587677725	1.0	0.2	2.0	0.011627906976744186	57.0	0.1716867469879518	1.0	0.09090909090909091	12.0	0.10714285714285714	43.0	0.39090909090909093	2.0	0.05555555555555555	52.0	0.3291139240506329	1.0	0.037037037037037035	58.0	0.47540983606557374
DB_MAG_00175	8.0	0.05228758169934641	0.0	0.0	0.0	0.0	0.0	0.0	2.0	0.010638297872340425	14.0	0.04929577464788732	5.0	0.023696682464454975	0.0	0.0	0.0	0.0	14.0	0.04216867469879518	0.0	0.0	0.0	0.0	2.0	0.01818181818181818	0.0	0.0	5.0	0.03164556962025317	0.0	0.0	2.0	0.01639344262295082
DB_MAG_00176	125.0	0.8169934640522876	11.0	0.9166666666666666	3.0	0.10714285714285714	18.0	0.782608695652174	99.0	0.526595744680851	212.0	0.7464788732394366	167.0	0.7914691943127962	4.0	0.8	27.0	0.1569767441860465	277.0	0.8343373493975904	5.0	0.45454545454545453	87.0	0.7767857142857143	95.0	0.8636363636363636	31.0	0.8611111111111112	103.0	0.6518987341772152	13.0	0.48148148148148145	87.0	0.7131147540983607
DB_MAG_00177	4.0	0.026143790849673203	0.0	0.0	0.0	0.0	0.0	0.0	0.0	0.0	9.0	0.03169014084507042	14.0	0.06635071090047394	0.0	0.0	0.0	0.0	5.0	0.015060240963855422	0.0	0.0	0.0	0.0	0.0	0.0	0.0	0.0	2.0	0.012658227848101266	0.0	0.0	8.0	0.06557377049180328
DB_MAG_00178	127.0	0.8300653594771242	12.0	1.0	0.0	0.0	23.0	1.0	183.0	0.973404255319149	264.0	0.9295774647887324	203.0	0.9620853080568721	0.0	0.0	4.0	0.023255813953488372	324.0	0.9759036144578314	7.0	0.6363636363636364	12.0	0.10714285714285714	75.0	0.6818181818181818	7.0	0.19444444444444445	143.0	0.9050632911392406	0.0	0.0	107.0	0.8770491803278688
DB_MAG_00179	119.0	0.7777777777777778	7.0	0.5833333333333334	0.0	0.0	0.0	0.0	3.0	0.015957446808510637	87.0	0.30633802816901406	104.0	0.4928909952606635	0.0	0.0	0.0	0.0	209.0	0.6295180722891566	3.0	0.2727272727272727	58.0	0.5178571428571429	10.0	0.09090909090909091	7.0	0.19444444444444445	105.0	0.6645569620253164	0.0	0.0	22.0	0.18032786885245902
DB_MAG_00180	14.0	0.0915032679738562	5.0	0.4166666666666667	0.0	0.0	6.0	0.2608695652173913	42.0	0.22340425531914893	26.0	0.09154929577464789	33.0	0.15639810426540285	0.0	0.0	0.0	0.0	30.0	0.09036144578313253	0.0	0.0	2.0	0.017857142857142856	9.0	0.08181818181818182	1.0	0.027777777777777776	10.0	0.06329113924050633	0.0	0.0	24.0	0.19672131147540983
DB_MAG_00181	62.0	0.40522875816993464	0.0	0.0	0.0	0.0	5.0	0.21739130434782608	0.0	0.0	128.0	0.4507042253521127	23.0	0.10900473933649289	3.0	0.6	0.0	0.0	34.0	0.10240963855421686	1.0	0.09090909090909091	0.0	0.0	54.0	0.4909090909090909	11.0	0.3055555555555556	47.0	0.2974683544303797	8.0	0.2962962962962963	15.0	0.12295081967213115
DB_MAG_00182	18.0	0.11764705882352941	0.0	0.0	0.0	0.0	1.0	0.043478260869565216	0.0	0.0	71.0	0.25	32.0	0.15165876777251186	0.0	0.0	0.0	0.0	25.0	0.07530120481927711	2.0	0.18181818181818182	0.0	0.0	0.0	0.0	0.0	0.0	27.0	0.17088607594936708	0.0	0.0	9.0	0.07377049180327869
DB_MAG_00183	15.0	0.09803921568627451	0.0	0.0	0.0	0.0	0.0	0.0	0.0	0.0	21.0	0.07394366197183098	5.0	0.023696682464454975	0.0	0.0	0.0	0.0	5.0	0.015060240963855422	1.0	0.09090909090909091	0.0	0.0	1.0	0.00909090909090909	2.0	0.05555555555555555	7.0	0.04430379746835443	0.0	0.0	0.0	0.0
