bins	DB_D_01	DB_D_02	DB_D_03	DB_D_04	DB_D_05	DB_D_06	DB_D_07	DB_D_08	DB_D_09	DB_D_10	DB_D_11	DB_D_12	DB_D_13	DB_D_14	DB_D_15	DB_R01_CDI_C_01_PRE	DB_R01_CDI_C_02_PRE	DB_R01_CDI_C_03_POST	DB_R01_CDI_C_04_POST	DB_R01_CDI_C_05_POST	DB_R01_CDI_C_06_POST	DB_R01_CDI_C_07_POST	DB_R02_CDI_C_01_PRE	DB_R02_CDI_C_02_PRE	DB_R02_CDI_C_03_POST	DB_R02_CDI_C_04_POST	DB_R02_CDI_C_05_POST	DB_R02_CDI_C_06_POST	DB_R03_CDI_P_01_PRE	DB_R03_CDI_P_02_PRE	DB_R03_CDI_P_03_POST	DB_R03_CDI_P_04_POST	DB_R03_CDI_P_05_POST	DB_R03_CDI_P_06_POST	DB_R03_CDI_P_07_POST	DB_R03_CDI_P_08_POST	DB_R04_CDI_P_01_PRE	DB_R04_CDI_P_02_PRE	DB_R04_CDI_P_03_POST	DB_R04_CDI_P_04_POST	DB_R04_CDI_P_05_POST	DB_R04_CDI_P_06_POST	DB_R04_CDI_P_07_POST	DB_R04_CDI_P_08_POST	DB_R04_CDI_P_09_POST	DB_R05_UC_P_01_PRE	DB_R05_UC_P_02_POST	DB_R05_UC_P_03_POST	DB_R05_UC_P_04_POST	DB_R05_UC_P_05_POST	DB_R05_UC_P_06_POST
DB_MAG_00001	0.003	0.002	0.000	0.000	0.000	0.000	0.000	0.000	0.002	1.000	0.013	0.001	0.005	0.018	0.002	0.000	0.070	0.000	0.032	0.005	0.000	0.002	0.000	0.010	0.002	0.000	0.007	0.001	0.085	0.002	0.001	0.000	0.000	0.000	0.000	0.000	0.000	0.001	0.000	0.000	0.000	0.001	0.002	0.000	0.000	0.000	0.000	0.000	0.000	0.000	0.000
DB_MAG_00002	0.959	0.140	0.982	0.928	0.846	0.949	0.999	0.765	0.873	0.997	0.709	0.939	0.659	0.009	0.046	0.044	0.054	0.006	0.023	0.011	0.002	0.014	0.000	0.014	0.018	0.004	0.018	0.001	0.008	0.003	0.011	0.018	0.034	0.023	0.014	0.021	0.005	0.001	0.036	0.017	0.023	0.017	0.016	0.018	0.017	0.000	0.013	0.017	0.005	0.010	0.011
DB_MAG_00003	0.905	0.978	0.339	0.415	0.365	0.796	0.602	0.700	0.482	0.798	0.600	0.916	0.963	0.300	0.693	0.010	0.024	0.538	0.108	0.960	0.275	0.084	0.000	0.005	0.021	0.003	0.010	0.007	0.010	0.009	0.041	0.704	0.723	0.952	0.604	0.427	0.013	0.008	0.357	0.003	0.005	0.003	0.005	0.006	0.002	0.001	0.882	0.894	0.023	0.541	0.311
DB_MAG_00004	1.000	1.000	1.000	1.000	1.000	0.999	1.000	1.000	1.000	0.998	1.000	1.000	1.000	0.042	0.358	0.024	0.087	0.014	0.326	0.064	0.003	0.429	0.000	0.416	0.058	0.002	0.054	0.005	0.071	0.018	0.008	0.006	0.007	0.008	0.011	0.005	0.178	0.119	0.999	1.000	0.999	0.983	0.999	0.967	0.966	0.005	1.000	1.000	0.352	0.995	0.927
DB_MAG_00005	0.997	0.924	1.000	1.000	1.000	0.919	1.000	1.000	1.000	1.000	0.874	1.000	0.798	1.000	1.000	0.830	0.724	1.000	0.336	0.891	0.873	0.416	0.011	0.518	0.143	0.006	0.136	0.045	0.590	0.387	1.000	0.999	1.000	1.000	0.999	0.990	0.965	0.717	0.733	0.894	1.000	1.000	1.000	1.000	0.605	0.104	1.000	1.000	0.998	1.000	1.000
DB_MAG_00006	0.847	0.799	0.358	0.037	0.000	0.000	0.000	0.000	0.000	0.002	0.002	0.378	0.993	0.995	0.668	0.000	0.999	0.016	0.999	0.981	0.000	0.013	0.000	0.010	0.003	0.000	0.976	0.014	0.999	0.398	0.529	0.000	0.000	0.000	0.000	0.000	0.004	0.003	0.000	0.175	0.202	0.443	0.736	0.036	0.000	0.001	0.000	0.000	0.001	0.000	0.005
DB_MAG_00007	0.999	0.999	0.996	0.997	1.000	0.908	0.986	1.000	0.998	0.982	0.999	1.000	1.000	1.000	1.000	0.002	0.409	1.000	1.000	1.000	0.628	1.000	0.004	0.256	1.000	1.000	1.000	1.000	0.210	0.515	1.000	1.000	1.000	1.000	1.000	1.000	0.542	0.234	1.000	1.000	1.000	1.000	1.000	0.998	0.985	0.074	1.000	1.000	0.997	0.961	1.000
DB_MAG_00008	0.979	0.884	0.580	0.392	0.963	0.978	0.994	0.994	0.979	0.998	0.921	0.947	0.976	0.891	0.965	0.011	0.240	0.999	1.000	1.000	0.983	0.999	0.013	0.168	0.974	0.002	0.038	0.008	0.393	0.083	0.972	0.671	0.956	0.756	0.689	0.250	0.826	0.423	0.742	0.672	0.764	0.889	0.997	1.000	0.926	0.015	0.999	0.945	1.000	1.000	0.982
DB_MAG_00009	0.997	0.894	0.992	0.987	0.998	0.985	0.888	0.930	0.993	0.830	0.957	0.980	0.959	0.005	0.050	0.005	0.024	1.000	1.000	0.991	0.344	0.956	0.000	0.044	0.564	0.000	0.005	0.004	0.025	0.005	0.006	0.003	0.003	0.003	0.006	0.003	0.062	0.020	0.997	0.948	0.999	0.956	0.993	0.962	0.206	0.000	0.930	0.653	0.969	0.944	0.942
DB_MAG_00010	0.999	0.996	1.000	1.000	1.000	0.998	0.999	1.000	1.000	1.000	1.000	1.000	1.000	1.000	1.000	0.001	0.232	1.000	1.000	1.000	0.998	1.000	0.000	0.249	0.180	0.001	0.040	0.011	0.250	0.372	1.000	1.000	0.999	1.000	1.000	1.000	0.414	0.244	1.000	1.000	1.000	1.000	1.000	1.000	0.990	0.009	1.000	0.940	0.999	1.000	1.000
DB_MAG_00011	0.901	0.552	0.819	0.987	0.977	0.330	0.310	0.480	0.647	0.575	0.752	0.996	0.906	0.972	0.846	0.011	0.100	0.007	0.079	0.021	0.002	0.086	0.000	0.080	0.012	0.002	0.010	0.001	0.046	0.323	0.998	0.994	0.998	0.998	0.998	0.999	0.138	0.077	0.995	0.997	0.998	0.998	0.851	0.996	0.129	0.009	0.542	0.999	0.125	0.996	0.548
DB_MAG_00012	0.997	0.701	0.490	0.371	0.380	0.663	0.402	0.527	0.418	0.454	0.867	0.211	0.732	0.003	0.010	0.005	0.009	0.001	0.011	0.003	0.000	0.005	0.000	0.007	0.003	0.000	0.001	0.000	0.005	0.045	0.005	0.005	0.007	0.004	0.008	0.002	0.100	0.020	0.989	0.960	1.000	1.000	0.994	0.731	0.775	0.001	0.188	0.592	0.045	0.729	0.076
DB_MAG_00013	0.999	0.998	0.999	0.995	0.999	0.999	0.989	0.911	0.978	0.999	0.843	0.990	0.997	0.976	0.986	0.002	0.031	0.999	0.997	0.999	0.847	0.993	0.001	0.023	0.847	0.000	0.011	0.001	0.025	0.029	0.484	0.475	0.486	0.442	0.108	0.584	0.755	0.216	0.962	0.815	0.801	0.838	1.000	0.999	0.987	0.009	0.997	0.999	1.000	0.998	0.968
DB_MAG_00014	0.948	0.872	0.982	0.999	0.957	0.669	0.986	0.986	0.918	0.685	0.993	0.999	0.978	0.986	0.994	0.002	0.101	0.002	0.180	0.031	0.001	0.253	0.000	0.222	0.027	0.001	0.031	0.002	0.100	0.303	0.999	0.994	0.038	0.991	0.072	0.987	0.065	0.047	0.992	0.930	0.988	0.790	0.928	0.630	0.926	0.003	0.264	0.059	0.160	0.696	0.815
DB_MAG_00015	0.996	0.998	0.997	0.999	0.992	0.762	0.991	0.997	0.980	0.858	0.977	0.982	0.997	0.999	0.996	0.025	0.118	0.013	0.170	0.283	0.007	0.191	0.000	0.193	0.033	0.001	0.020	0.003	0.062	0.138	0.999	0.778	0.941	0.022	0.901	0.904	0.158	0.060	0.998	0.999	0.964	0.964	0.634	0.837	0.288	0.001	0.976	0.999	0.912	0.079	0.925
DB_MAG_00016	0.839	0.589	0.738	0.418	0.785	0.836	0.823	0.555	0.814	0.927	0.343	0.227	0.696	0.585	0.574	0.824	0.697	0.942	0.991	0.836	0.452	0.947	0.000	0.017	0.893	0.004	0.016	0.007	0.073	0.030	0.638	0.577	0.379	0.512	0.341	0.460	0.236	0.067	0.918	0.827	0.816	0.906	0.997	0.986	0.976	0.006	0.799	0.494	0.985	0.788	0.540
DB_MAG_00017	0.823	0.426	0.382	0.970	0.876	0.153	0.262	0.827	0.721	0.257	0.631	0.999	0.725	0.895	0.285	0.000	0.014	0.000	0.092	0.013	0.000	0.132	0.000	0.121	0.023	0.000	0.024	0.002	0.023	0.000	0.000	0.000	0.000	0.000	0.000	0.000	0.001	0.001	0.000	0.000	0.000	0.000	0.000	0.000	0.000	0.000	0.000	0.000	0.000	0.000	0.000
DB_MAG_00018	0.584	0.566	0.951	0.952	0.718	0.651	0.643	0.285	0.368	0.402	0.804	0.996	0.730	0.995	0.992	0.018	0.071	0.759	0.996	0.047	0.010	0.081	0.000	0.047	0.011	0.001	0.013	0.002	0.037	0.124	0.995	0.859	0.976	0.995	0.993	0.997	0.057	0.031	0.748	0.929	0.999	0.989	0.740	0.586	0.106	0.003	0.281	0.996	0.136	0.318	0.299
DB_MAG_00019	0.995	0.678	0.858	0.928	0.976	0.537	0.900	0.820	0.818	0.987	0.870	0.999	0.959	0.999	0.989	0.848	0.505	0.999	0.998	0.997	0.344	0.768	0.000	0.070	0.022	0.000	0.059	0.017	0.122	0.134	0.995	0.649	0.891	0.904	0.896	0.744	0.073	0.027	0.995	0.795	0.992	0.870	0.868	0.709	0.286	0.004	0.942	0.998	0.597	0.636	0.928
DB_MAG_00020	0.818	0.404	0.857	0.942	0.990	0.703	0.822	0.808	0.896	0.565	0.992	1.000	0.914	0.008	0.023	0.001	0.044	1.000	1.000	0.922	0.125	0.977	0.001	0.085	0.063	0.006	0.023	0.010	0.095	0.012	0.008	0.005	0.008	0.007	0.012	0.009	0.062	0.033	0.968	0.987	0.997	0.998	0.534	0.948	0.253	0.000	0.473	0.787	0.416	0.761	0.899
DB_MAG_00021	0.377	0.384	0.049	0.826	0.211	0.110	0.208	0.694	0.950	0.319	0.669	1.000	0.615	0.967	0.470	0.048	0.049	0.005	0.040	0.008	0.002	0.073	0.000	0.066	0.021	0.002	0.026	0.002	0.037	0.042	0.112	0.035	0.916	0.878	0.623	0.135	0.050	0.024	0.952	0.038	0.405	0.055	0.128	0.473	0.250	0.002	0.917	0.862	0.146	0.230	0.630
DB_MAG_00022	1.000	1.000	0.999	0.999	1.000	1.000	1.000	0.999	1.000	1.000	0.995	0.941	0.999	0.999	0.998	0.127	0.600	1.000	1.000	1.000	0.998	1.000	0.050	0.166	1.000	0.995	1.000	0.992	0.522	0.231	1.000	1.000	0.830	0.999	0.790	0.949	0.900	0.517	1.000	0.999	1.000	0.999	1.000	1.000	1.000	0.085	1.000	0.532	1.000	1.000	0.991
DB_MAG_00023	0.002	0.002	0.029	0.000	0.000	0.000	0.000	0.000	0.000	0.007	0.000	0.002	0.023	1.000	0.999	0.043	0.302	0.002	0.090	0.019	0.020	0.110	0.020	0.103	0.072	0.001	0.040	0.049	0.733	0.062	0.992	0.124	0.507	0.172	0.332	0.353	0.250	0.066	0.007	0.012	0.010	0.011	0.088	0.034	0.064	0.277	0.041	0.001	0.030	0.002	0.004
DB_MAG_00024	0.999	0.981	1.000	1.000	0.996	0.957	0.951	0.907	0.540	0.594	0.924	0.851	0.985	0.986	0.695	0.001	0.564	0.001	0.381	0.135	0.000	0.437	0.000	0.684	1.000	0.013	0.196	0.044	0.899	0.189	0.820	0.993	1.000	1.000	0.186	1.000	0.486	0.303	0.999	0.992	1.000	0.999	1.000	0.999	1.000	0.076	0.811	1.000	1.000	1.000	0.849
DB_MAG_00025	0.280	0.251	0.413	0.660	0.738	0.147	0.339	0.646	0.467	0.516	0.482	0.983	0.370	0.723	0.529	0.837	0.573	0.963	0.910	0.882	0.274	0.944	0.000	0.116	0.475	0.004	0.021	0.008	0.180	0.061	0.579	0.749	0.865	0.547	0.820	0.888	0.074	0.035	0.898	0.173	0.656	0.386	0.250	0.922	0.164	0.001	0.985	0.994	0.391	0.078	0.940
DB_MAG_00026	0.928	0.444	0.857	0.997	0.479	0.140	0.359	0.882	0.346	0.240	0.705	0.774	0.808	0.008	0.020	0.000	0.050	0.061	1.000	0.030	0.279	0.980	0.000	0.151	0.013	0.000	0.008	0.000	0.042	0.010	0.004	0.000	0.000	0.000	0.013	0.007	0.211	0.065	0.997	0.890	1.000	0.994	0.724	0.998	0.573	0.000	0.812	0.997	0.293	0.531	0.957
DB_MAG_00027	0.575	0.453	0.445	0.071	0.776	0.193	0.968	0.977	0.855	0.602	0.302	0.983	0.475	0.389	0.809	0.049	0.028	0.522	0.841	0.949	0.235	0.437	0.000	0.030	0.010	0.001	0.008	0.001	0.019	0.005	0.190	0.020	0.212	0.157	0.025	0.041	0.041	0.006	0.034	0.028	0.447	0.081	0.135	0.974	0.021	0.001	0.998	0.150	0.454	0.012	0.015
DB_MAG_00028	0.797	0.627	0.308	0.724	0.733	0.266	0.336	0.372	0.409	0.714	0.595	0.995	0.616	0.607	0.122	0.003	0.022	0.787	0.559	0.647	0.113	0.384	0.000	0.045	0.021	0.005	0.017	0.007	0.027	0.015	0.322	0.124	0.352	0.239	0.064	0.134	0.026	0.018	0.919	0.763	0.704	0.766	0.820	0.413	0.296	0.001	0.899	0.981	0.163	0.602	0.948
DB_MAG_00029	0.002	0.003	0.016	0.000	0.000	0.000	0.000	0.000	0.000	0.001	0.000	0.001	0.016	0.999	0.999	0.036	0.143	0.863	0.578	0.007	0.040	0.039	0.000	0.042	0.016	0.001	0.013	0.005	0.079	0.164	0.997	0.962	0.973	0.997	0.359	0.675	0.078	0.060	0.006	0.005	0.002	0.002	0.036	0.008	0.004	0.012	0.014	0.026	0.003	0.000	0.001
DB_MAG_00030	1.000	1.000	1.000	1.000	1.000	1.000	1.000	1.000	1.000	1.000	0.010	0.018	0.995	0.043	0.733	0.843	0.869	1.000	1.000	1.000	1.000	1.000	0.003	0.539	0.124	0.012	0.239	0.065	0.850	0.182	0.021	0.014	0.018	0.052	0.051	0.023	1.000	0.950	0.129	0.046	0.073	0.030	0.113	0.102	0.045	0.048	1.000	1.000	1.000	1.000	0.034
DB_MAG_00031	0.817	0.944	0.875	0.746	0.822	0.511	0.807	0.827	0.748	0.947	0.577	0.867	0.778	0.825	0.711	0.840	0.263	0.979	0.711	0.495	0.158	0.296	0.000	0.033	0.009	0.000	0.007	0.002	0.015	0.034	0.769	0.757	0.790	0.519	0.535	0.445	0.075	0.030	0.929	0.707	0.725	0.841	0.455	0.554	0.612	0.001	0.906	0.351	0.802	0.824	0.760
DB_MAG_00032	1.000	1.000	1.000	1.000	1.000	1.000	0.004	0.012	0.002	0.058	0.008	0.016	0.998	0.926	0.977	0.008	0.537	0.003	0.392	0.083	0.001	0.300	0.000	0.287	0.049	0.002	0.033	0.002	0.182	0.574	0.924	0.923	0.923	0.924	0.922	0.915	0.875	0.745	0.639	0.039	0.064	0.054	0.222	0.080	0.027	0.187	0.090	0.096	0.196	0.944	0.942
DB_MAG_00033	0.009	0.024	0.105	0.000	0.000	0.001	0.000	0.000	0.002	1.000	1.000	1.000	1.000	1.000	1.000	0.005	0.668	0.004	0.375	0.044	0.000	0.322	0.000	0.324	0.975	0.003	0.272	0.009	0.423	0.844	1.000	1.000	0.999	1.000	1.000	1.000	0.859	0.333	1.000	1.000	1.000	1.000	1.000	1.000	0.997	0.062	0.038	0.233	0.023	0.001	0.002
DB_MAG_00034	0.999	0.999	0.998	0.964	1.000	1.000	0.999	0.999	0.999	0.999	0.997	0.991	1.000	0.999	0.999	0.849	0.902	0.999	0.997	0.971	0.932	1.000	0.033	0.217	0.998	0.009	0.082	0.020	0.557	0.409	1.000	0.956	0.603	0.898	0.947	0.718	0.997	0.888	1.000	1.000	0.997	1.000	1.000	1.000	1.000	0.098	0.999	0.952	1.000	0.998	0.997
DB_MAG_00035	1.000	0.969	1.000	1.000	0.999	0.899	0.990	1.000	0.938	0.986	0.999	0.997	1.000	0.999	0.999	0.000	0.175	0.042	0.223	0.027	0.999	0.115	0.000	0.120	0.025	0.000	0.017	0.002	0.055	0.315	1.000	0.999	0.957	1.000	0.999	0.999	0.367	0.139	1.000	1.000	0.999	1.000	0.999	1.000	0.999	0.023	0.998	0.994	1.000	0.999	0.805
DB_MAG_00036	0.999	0.974	0.996	1.000	1.000	0.998	0.997	1.000	0.998	0.686	1.000	1.000	0.995	0.049	0.085	0.021	0.087	0.010	0.493	0.089	0.001	0.686	0.000	0.606	0.088	0.002	0.078	0.005	0.272	0.001	0.004	0.009	0.004	0.007	0.007	0.024	0.027	0.009	0.993	1.000	0.469	0.003	0.002	0.003	0.002	0.000	0.004	0.012	0.005	0.009	0.007
DB_MAG_00037	0.802	0.585	0.526	0.157	0.941	0.555	0.993	0.987	0.937	0.989	0.463	0.997	0.541	0.432	0.963	0.903	0.892	0.856	0.997	0.980	0.759	0.989	0.000	0.062	0.909	0.001	0.015	0.002	0.052	0.013	0.246	0.123	0.336	0.115	0.083	0.083	0.345	0.059	0.473	0.160	0.618	0.342	0.572	0.985	0.472	0.002	0.998	0.465	0.983	0.546	0.466
DB_MAG_00038	0.997	0.898	0.884	0.758	0.974	0.935	0.924	0.880	0.866	0.955	0.768	0.964	0.988	0.924	0.806	0.008	0.047	0.990	1.000	0.823	0.411	0.022	0.000	0.028	0.009	0.000	0.009	0.002	0.028	0.092	0.998	0.990	0.975	0.870	0.673	0.989	0.091	0.041	0.998	0.996	0.998	0.998	0.998	0.996	0.840	0.008	0.682	0.938	0.752	0.939	0.792
DB_MAG_00039	1.000	1.000	1.000	1.000	1.000	1.000	1.000	1.000	1.000	1.000	0.999	1.000	1.000	0.024	0.483	0.003	0.060	0.035	0.242	0.250	0.000	0.301	0.000	0.373	0.053	0.001	0.048	0.002	0.262	0.010	0.007	0.001	0.003	0.002	0.004	0.001	0.105	0.068	0.999	0.998	0.991	0.990	0.995	0.999	0.998	0.004	0.128	0.999	0.510	0.988	0.939
DB_MAG_00040	0.912	0.777	0.886	0.671	0.956	0.948	0.881	0.824	0.878	0.998	0.642	0.647	0.812	0.656	0.602	0.000	0.014	0.680	0.879	0.562	0.140	0.864	0.000	0.007	0.184	0.000	0.004	0.000	0.011	0.014	0.303	0.148	0.189	0.298	0.079	0.331	0.485	0.087	0.317	0.492	0.524	0.297	0.998	1.000	0.962	0.004	0.947	0.527	1.000	0.772	0.774
DB_MAG_00041	0.998	0.992	0.985	0.999	0.990	0.994	0.992	0.973	0.999	0.998	0.734	0.489	0.460	0.010	0.045	0.007	0.032	0.999	0.160	0.906	0.617	0.093	0.000	0.088	0.017	0.002	0.012	0.006	0.042	0.003	0.003	0.004	0.004	0.004	0.009	0.002	0.352	0.130	0.153	0.005	0.010	0.003	0.003	0.007	0.004	0.002	1.000	0.973	0.998	0.991	0.999
DB_MAG_00042	0.007	0.005	0.024	0.001	0.003	0.002	0.005	0.016	0.001	0.100	0.139	1.000	1.000	1.000	1.000	0.900	0.905	0.004	0.278	0.065	0.001	0.172	0.000	0.220	0.058	0.002	0.061	0.017	0.661	0.123	0.478	0.994	0.392	0.397	0.990	0.004	0.117	0.072	0.406	1.000	1.000	1.000	1.000	1.000	1.000	0.025	0.012	0.002	0.003	0.000	0.045
DB_MAG_00043	0.277	0.151	0.080	0.662	1.000	0.965	0.999	1.000	1.000	1.000	1.000	1.000	0.984	0.009	0.006	0.864	0.658	0.999	0.101	0.960	0.940	0.988	0.001	0.261	0.047	0.002	0.072	0.011	0.492	0.003	0.009	0.007	0.006	0.006	0.028	0.014	0.137	0.157	0.989	0.008	0.016	0.006	0.003	0.007	0.004	0.002	1.000	0.800	0.809	0.874	0.881
DB_MAG_00044	1.000	1.000	1.000	1.000	1.000	1.000	0.999	1.000	0.922	1.000	0.997	0.947	0.980	1.000	1.000	0.006	0.022	0.128	0.065	0.139	0.012	0.132	0.000	0.054	0.034	0.001	0.013	0.003	0.038	0.013	0.125	0.022	0.019	0.217	0.037	0.318	0.448	0.228	0.100	0.343	0.047	0.317	0.225	0.836	1.000	0.013	0.985	0.431	0.958	1.000	0.824
DB_MAG_00045	0.724	0.664	0.633	0.598	0.726	0.651	0.587	0.749	0.583	0.865	0.580	0.365	0.647	0.681	0.676	0.002	0.016	0.399	0.390	0.598	0.132	0.535	0.000	0.011	0.016	0.000	0.003	0.001	0.010	0.009	0.241	0.228	0.254	0.407	0.309	0.180	0.170	0.038	0.881	0.751	0.682	0.633	0.821	0.742	0.704	0.004	0.834	0.863	0.995	0.674	0.786
DB_MAG_00046	0.989	0.260	0.842	0.723	0.305	0.164	0.204	0.115	0.390	0.043	0.259	0.914	0.383	0.006	0.078	0.015	0.007	0.002	0.011	0.001	0.000	0.007	0.000	0.003	0.002	0.000	0.001	0.000	0.001	0.001	0.004	0.004	0.004	0.003	0.004	0.003	0.003	0.000	0.460	0.351	0.264	0.465	0.300	0.061	0.024	0.000	0.002	0.193	0.003	0.002	0.001
DB_MAG_00047	0.985	0.970	0.919	0.831	0.964	0.976	0.931	0.887	0.845	0.968	0.710	0.414	0.796	0.659	0.480	0.027	0.068	0.823	0.816	0.895	0.615	0.883	0.000	0.012	0.555	0.003	0.036	0.001	0.022	0.047	0.660	0.593	0.582	0.544	0.498	0.272	0.716	0.208	0.863	0.819	0.889	0.899	0.997	0.990	0.959	0.009	0.817	0.984	0.998	0.966	0.817
DB_MAG_00048	0.795	0.782	0.564	0.619	0.529	0.553	0.528	0.374	0.408	0.585	0.098	0.491	0.357	0.369	0.189	0.008	0.012	0.094	0.238	0.179	0.008	0.018	0.000	0.010	0.003	0.000	0.003	0.001	0.007	0.014	0.309	0.228	0.209	0.345	0.130	0.192	0.085	0.016	0.156	0.022	0.778	0.666	0.150	0.082	0.082	0.001	0.083	0.553	0.437	0.198	0.021
DB_MAG_00049	0.999	0.954	0.829	0.919	0.998	0.766	0.940	0.969	0.979	0.976	0.884	1.000	1.000	1.000	0.999	0.017	0.290	0.993	0.152	0.092	0.008	0.123	0.000	0.176	0.047	0.002	0.045	0.005	0.135	0.410	1.000	1.000	1.000	1.000	1.000	0.937	0.250	0.198	0.996	0.576	0.958	0.996	0.632	0.242	0.720	0.046	0.988	1.000	0.182	0.998	0.621
DB_MAG_00050	0.569	0.223	0.320	0.780	0.803	0.146	0.576	0.785	0.676	0.825	0.064	0.830	0.169	0.162	0.204	0.014	0.061	0.858	0.173	0.518	0.101	0.036	0.000	0.042	0.013	0.001	0.008	0.002	0.074	0.047	0.156	0.023	0.974	0.996	0.246	0.225	0.079	0.038	0.697	0.305	0.509	0.727	0.114	0.034	0.190	0.005	0.994	0.894	0.952	0.541	0.218
DB_MAG_00051	1.000	0.999	0.998	0.993	0.999	1.000	0.999	0.998	0.995	0.999	0.982	0.972	0.999	0.998	0.992	0.023	0.281	0.999	0.998	0.997	0.717	0.991	0.021	0.232	0.999	0.883	0.999	0.995	0.505	0.159	0.996	0.992	0.922	0.989	0.935	0.417	0.776	0.280	0.999	0.994	0.971	0.999	1.000	0.999	0.998	0.037	0.998	0.996	0.999	0.991	0.997
DB_MAG_00052	0.788	0.826	0.550	0.636	0.737	0.160	0.425	0.354	0.637	0.594	0.605	0.640	0.402	0.324	0.129	0.004	0.021	0.755	0.843	0.716	0.065	0.032	0.000	0.020	0.020	0.000	0.004	0.001	0.011	0.035	0.686	0.614	0.568	0.594	0.322	0.379	0.051	0.019	0.610	0.071	0.451	0.243	0.049	0.086	0.038	0.001	0.499	0.658	0.363	0.407	0.350
DB_MAG_00053	0.783	0.763	0.695	0.450	0.699	0.707	0.693	0.582	0.614	0.884	0.405	0.291	0.628	0.548	0.476	0.013	0.017	0.471	0.103	0.303	0.123	0.166	0.000	0.009	0.201	0.082	0.525	0.003	0.018	0.025	0.636	0.609	0.306	0.638	0.568	0.202	0.224	0.048	0.854	0.671	0.537	0.757	0.862	0.981	0.695	0.006	0.651	0.482	0.882	0.656	0.592
DB_MAG_00054	0.802	0.652	0.209	0.107	0.745	0.800	0.575	0.796	0.693	0.832	0.396	0.074	0.851	0.703	0.681	0.016	0.023	0.117	0.306	0.004	0.009	0.155	0.000	0.008	0.004	0.000	0.002	0.000	0.017	0.043	0.964	0.573	0.486	0.587	0.541	0.228	0.140	0.064	0.904	0.946	0.909	0.942	0.998	0.990	0.985	0.006	0.759	0.524	0.313	0.848	0.211
DB_MAG_00055	0.984	0.946	0.999	0.966	0.998	0.911	0.979	0.997	1.000	0.923	1.000	1.000	1.000	0.999	1.000	0.001	0.322	1.000	1.000	1.000	0.997	1.000	0.007	0.210	0.999	1.000	0.999	1.000	0.306	0.447	1.000	1.000	1.000	1.000	1.000	1.000	0.293	0.262	0.998	1.000	0.999	0.999	0.999	0.472	0.904	0.008	0.999	1.000	0.861	0.926	1.000
DB_MAG_00056	0.977	0.984	0.960	0.750	0.953	0.929	0.978	0.680	0.811	0.994	0.609	0.536	0.622	0.366	0.237	0.117	0.117	0.312	0.208	0.869	0.045	0.018	0.000	0.009	0.999	0.042	0.044	0.001	0.009	0.019	0.602	0.862	0.344	0.234	0.447	0.554	0.940	0.038	0.990	0.584	0.818	0.919	0.941	0.998	0.817	0.941	0.281	0.437	0.967	0.622	0.515
DB_MAG_00057	0.580	0.686	0.566	0.538	0.623	0.505	0.357	0.409	0.303	0.261	0.515	0.790	0.529	0.300	0.059	0.077	0.018	0.005	0.028	0.006	0.001	0.023	0.000	0.025	0.005	0.000	0.006	0.001	0.016	0.021	0.396	0.401	0.238	0.174	0.109	0.354	0.027	0.008	0.762	0.219	0.671	0.393	0.155	0.058	0.064	0.001	0.072	0.084	0.012	0.106	0.074
DB_MAG_00058	0.952	0.925	0.928	0.950	0.948	0.949	0.989	0.941	0.952	0.885	0.819	0.908	0.874	0.771	0.657	0.921	0.659	0.002	0.019	0.005	0.002	0.025	0.000	0.021	0.011	0.002	0.010	0.002	0.011	0.010	0.199	0.121	0.342	0.589	0.088	0.111	0.053	0.024	0.370	0.080	0.388	0.617	0.013	0.806	0.376	0.003	0.176	0.891	0.403	0.871	0.662
DB_MAG_00059	0.003	0.019	0.368	0.552	0.877	0.432	0.956	0.998	0.437	0.031	0.867	0.984	0.006	0.004	0.008	0.008	0.015	0.004	0.012	0.006	0.003	0.028	0.000	0.046	0.068	0.001	0.007	0.002	0.019	0.001	0.005	0.005	0.004	0.003	0.003	0.002	0.007	0.003	0.009	0.004	0.004	0.004	0.003	0.005	0.003	0.001	0.999	0.976	0.006	0.003	0.005
DB_MAG_00060	0.983	0.998	0.977	0.961	0.991	0.987	0.970	0.984	0.981	0.994	0.979	0.999	0.996	0.995	0.998	0.017	0.155	0.965	0.428	1.000	0.726	0.995	0.001	0.138	0.945	0.007	0.048	0.011	0.079	0.185	0.985	0.999	0.997	0.971	0.999	0.222	0.843	0.266	0.999	0.940	0.988	0.998	0.998	0.998	0.999	0.027	0.999	0.991	0.998	0.972	0.999
DB_MAG_00061	0.981	0.939	0.759	0.585	0.902	0.734	0.937	0.974	0.934	0.986	0.750	0.847	0.892	0.854	0.732	0.971	0.913	0.982	0.996	0.991	0.436	0.917	0.000	0.070	0.252	0.553	0.995	0.066	0.171	0.030	0.546	0.684	0.306	0.586	0.537	0.633	0.918	0.056	0.963	0.840	0.984	0.995	0.998	0.992	0.992	0.959	0.694	0.744	0.982	0.927	0.644
DB_MAG_00062	0.938	0.918	0.694	0.338	0.716	0.826	0.974	0.602	0.941	0.990	0.316	0.284	0.208	0.534	0.629	0.025	0.167	0.011	0.088	0.042	0.009	0.087	0.033	0.192	0.056	0.008	0.058	0.013	0.477	0.015	0.323	0.013	0.010	0.011	0.008	0.005	0.159	0.023	0.020	0.013	0.015	0.015	0.043	0.022	0.014	0.003	0.317	0.013	0.053	0.019	0.013
DB_MAG_00063	0.848	0.610	0.604	0.994	0.742	0.176	0.564	0.843	0.886	0.147	0.006	0.008	0.659	0.018	0.016	0.007	0.041	0.005	0.153	0.669	0.004	0.230	0.000	0.179	0.020	0.003	0.009	0.005	0.091	0.002	0.009	0.011	0.011	0.009	0.009	0.006	0.009	0.016	0.013	0.007	0.010	0.007	0.004	0.007	0.003	0.000	0.550	0.998	0.019	0.475	0.008
DB_MAG_00064	0.593	0.669	0.762	0.793	0.587	0.264	0.344	0.381	0.678	0.738	0.864	0.810	0.810	0.003	0.018	0.004	0.011	0.002	0.014	0.002	0.001	0.014	0.000	0.011	0.003	0.000	0.003	0.001	0.005	0.011	0.005	0.005	0.151	0.735	0.460	0.155	0.012	0.008	0.842	0.860	0.980	0.997	0.676	0.617	0.320	0.001	0.024	0.842	0.218	0.575	0.008
DB_MAG_00065	1.000	1.000	1.000	1.000	1.000	0.999	1.000	1.000	1.000	1.000	1.000	1.000	1.000	1.000	1.000	0.023	0.300	0.022	0.379	0.090	0.016	0.396	0.001	0.442	0.166	0.016	0.155	0.019	0.243	0.342	1.000	0.999	0.999	0.999	1.000	0.496	0.253	0.114	1.000	1.000	1.000	0.999	0.999	1.000	1.000	0.038	1.000	1.000	0.516	0.024	0.023
DB_MAG_00066	0.543	0.900	0.977	0.769	0.750	0.920	0.926	0.990	0.368	0.993	0.988	0.983	0.433	0.831	0.448	0.000	0.024	0.001	0.013	0.002	0.002	0.018	0.000	0.077	0.019	0.001	0.032	0.006	0.017	0.015	0.005	0.884	0.508	0.252	0.149	0.992	0.052	0.014	0.091	0.010	0.823	0.972	0.015	0.025	0.999	0.007	0.520	0.911	0.857	0.169	0.995
DB_MAG_00067	0.865	0.771	0.852	0.770	0.772	0.867	0.866	0.764	0.888	0.957	0.604	0.297	0.806	0.589	0.592	0.016	0.041	0.589	0.351	0.284	0.203	0.399	0.000	0.006	0.608	0.098	0.018	0.007	0.019	0.051	0.834	0.682	0.765	0.813	0.838	0.377	0.427	0.122	0.992	0.978	0.917	0.767	0.990	0.991	0.989	0.013	0.967	0.947	0.950	0.982	0.606
DB_MAG_00068	0.996	0.979	0.993	0.935	0.995	0.996	0.995	0.946	0.983	0.997	0.911	0.738	0.982	0.014	0.062	0.005	0.050	0.997	0.995	0.907	0.700	0.963	0.000	0.039	0.978	0.000	0.010	0.002	0.044	0.036	0.009	0.007	0.819	0.779	0.554	0.563	0.324	0.109	0.997	0.997	0.988	0.969	0.978	0.999	0.998	0.006	0.989	0.995	0.985	0.971	0.891
DB_MAG_00069	0.484	0.678	0.516	0.467	0.698	0.733	0.359	0.691	0.600	0.999	0.863	0.971	0.157	0.828	0.838	0.171	0.238	0.097	0.091	0.113	0.054	0.096	0.001	0.024	0.016	0.000	0.021	0.001	0.029	0.010	0.324	0.152	0.119	0.153	0.688	0.196	0.876	0.035	0.529	0.017	0.326	0.137	0.900	0.089	0.292	0.012	0.272	0.016	0.888	0.017	0.018
DB_MAG_00070	0.768	0.744	0.874	0.669	0.726	0.816	0.854	0.772	0.811	0.780	0.397	0.561	0.849	0.990	0.905	0.021	0.133	0.649	0.680	0.242	0.221	0.537	0.000	0.010	0.820	0.012	0.028	0.012	0.051	0.172	0.998	0.956	0.400	0.681	0.923	0.099	0.341	0.092	0.999	0.989	0.993	0.995	0.997	0.995	0.996	0.021	0.974	0.148	0.871	0.592	0.346
DB_MAG_00071	0.803	0.802	0.877	0.648	0.949	0.978	0.694	0.402	0.467	0.782	0.413	0.236	0.667	0.413	0.433	0.000	0.010	0.453	0.349	0.137	0.094	0.467	0.000	0.005	0.010	0.000	0.002	0.000	0.006	0.008	0.160	0.027	0.086	0.089	0.029	0.063	0.311	0.056	0.132	0.238	0.147	0.124	0.967	0.783	0.829	0.005	0.940	0.825	0.876	0.557	0.400
DB_MAG_00072	0.878	0.788	0.488	0.517	0.475	0.199	0.344	0.434	0.426	0.344	0.294	0.384	0.296	0.024	0.020	0.001	0.004	0.768	0.413	0.266	0.071	0.265	0.000	0.012	0.002	0.000	0.001	0.000	0.006	0.003	0.013	0.014	0.023	0.022	0.022	0.012	0.020	0.012	0.570	0.144	0.445	0.368	0.485	0.440	0.574	0.001	0.278	0.204	0.150	0.519	0.192
DB_MAG_00073	0.800	0.999	0.997	0.843	0.938	0.964	1.000	0.999	1.000	1.000	0.927	0.996	0.994	0.998	1.000	0.000	0.008	0.001	0.024	0.013	0.001	0.042	0.000	0.057	0.014	0.000	0.010	0.001	0.026	0.006	0.003	0.858	0.968	0.022	0.006	0.007	0.006	0.004	0.012	0.003	0.002	0.003	0.004	0.003	0.004	0.001	0.109	0.710	0.042	0.004	0.004
DB_MAG_00074	0.002	0.002	0.002	0.001	0.002	0.001	0.002	0.001	0.001	0.001	0.990	0.958	0.968	0.496	0.241	0.000	0.031	0.000	0.007	0.001	0.000	0.001	0.000	0.004	0.004	0.000	0.007	0.000	0.007	0.044	0.016	0.857	0.869	0.990	0.602	0.968	0.030	0.015	0.007	0.505	0.387	0.951	0.919	0.921	0.897	0.007	0.006	0.010	0.002	0.003	0.003
DB_MAG_00075	0.002	0.002	0.003	0.003	0.003	0.002	0.153	0.963	0.958	0.792	0.707	0.418	0.004	0.003	0.003	0.000	0.005	0.000	0.000	0.001	0.000	0.001	0.000	0.007	0.002	0.000	0.002	0.001	0.003	0.000	0.002	0.003	0.003	0.002	0.003	0.005	0.002	0.004	0.004	0.003	0.003	0.002	0.002	0.003	0.002	0.000	0.722	0.997	0.016	0.025	0.004
DB_MAG_00076	0.313	0.503	0.640	0.929	0.906	0.151	0.275	0.475	0.633	0.146	0.255	0.989	0.150	0.004	0.014	0.000	0.060	0.000	0.063	0.008	0.000	0.095	0.000	0.082	0.012	0.000	0.014	0.001	0.019	0.003	0.001	0.000	0.000	0.007	0.843	0.311	0.024	0.076	0.486	0.001	0.003	0.000	0.001	0.001	0.000	0.000	0.003	0.998	0.109	0.919	0.998
DB_MAG_00077	0.982	0.915	0.808	0.758	0.985	0.717	0.514	0.288	0.354	0.372	0.282	0.923	0.809	0.929	0.853	0.005	0.075	0.882	0.977	0.145	0.045	0.104	0.000	0.052	0.010	0.000	0.007	0.001	0.038	0.168	0.993	0.992	0.991	0.996	0.972	0.812	0.062	0.050	0.916	0.941	0.767	0.982	0.589	0.332	0.201	0.004	0.734	0.709	0.128	0.557	0.288
DB_MAG_00078	0.966	0.856	0.672	0.912	0.968	0.676	0.483	0.828	0.898	0.318	0.859	1.000	0.926	0.929	0.858	0.042	0.159	1.000	1.000	0.997	0.026	0.101	0.001	0.109	0.021	0.011	0.037	0.006	0.168	0.303	0.999	0.951	0.999	0.990	0.993	0.836	0.076	0.115	1.000	0.991	0.999	1.000	0.417	0.085	0.190	0.002	0.995	1.000	0.135	0.950	0.908
DB_MAG_00079	0.999	0.963	0.999	0.993	0.984	0.819	0.969	0.993	0.998	0.998	0.999	1.000	0.999	0.004	0.083	0.000	0.004	0.000	0.022	0.003	0.000	0.022	0.000	0.023	0.016	0.000	0.010	0.001	0.007	0.001	0.003	0.004	0.001	0.001	0.002	0.002	0.000	0.000	0.000	0.002	0.002	0.002	0.003	0.001	0.009	0.000	0.000	0.000	0.000	0.000	0.000
DB_MAG_00080	0.536	0.643	0.415	0.815	0.438	0.179	0.488	0.717	0.597	0.617	0.448	0.928	0.707	0.292	0.712	0.007	0.157	0.197	0.139	0.802	0.268	0.415	0.018	0.121	0.969	0.330	0.955	0.307	0.321	0.077	0.851	0.743	0.878	0.647	0.566	0.086	0.224	0.063	0.905	0.163	0.706	0.370	0.533	0.582	0.234	0.003	0.949	0.992	0.513	0.355	0.906
DB_MAG_00081	0.490	0.226	0.570	0.659	0.432	0.191	0.227	0.386	0.381	0.316	0.607	0.882	0.798	0.973	0.949	0.905	0.912	0.985	0.997	0.727	0.078	0.783	0.000	0.021	0.107	0.000	0.009	0.001	0.030	0.159	0.997	0.991	0.996	0.997	0.992	0.996	0.048	0.025	0.802	0.978	0.994	0.979	0.929	0.976	0.115	0.003	0.779	0.288	0.362	0.485	0.718
DB_MAG_00082	0.888	1.000	1.000	0.999	0.973	0.996	1.000	1.000	1.000	1.000	1.000	0.838	1.000	0.996	0.997	0.000	0.063	0.001	0.071	0.017	0.000	0.084	0.000	0.128	0.017	0.001	0.010	0.002	0.091	0.020	0.788	0.996	0.913	0.047	0.999	0.805	0.015	0.011	0.031	0.013	0.010	0.011	0.019	0.017	0.015	0.002	1.000	0.999	0.189	0.068	0.062
DB_MAG_00083	0.035	0.200	0.164	0.173	0.963	0.988	0.997	0.960	0.995	0.023	0.998	0.997	0.999	0.004	0.005	0.000	0.008	0.000	0.008	0.001	0.000	0.007	0.000	0.017	0.007	0.000	0.005	0.000	0.006	0.002	0.001	0.005	0.005	0.008	0.007	0.005	0.011	0.007	0.002	0.312	0.798	0.069	1.000	0.987	1.000	0.006	0.005	0.969	0.033	0.050	0.001
DB_MAG_00084	0.026	0.023	0.228	0.004	0.003	0.003	0.002	0.003	0.005	0.005	1.000	1.000	1.000	1.000	1.000	0.013	0.808	0.007	0.562	0.116	0.000	0.627	0.000	0.659	0.385	0.003	0.161	0.006	0.361	0.900	1.000	1.000	1.000	1.000	1.000	0.030	0.680	0.493	1.000	1.000	1.000	1.000	1.000	1.000	1.000	0.404	0.160	0.253	0.182	0.016	0.822
DB_MAG_00085	1.000	0.998	1.000	1.000	1.000	1.000	1.000	1.000	1.000	0.329	1.000	1.000	0.904	1.000	1.000	0.001	0.065	0.000	0.100	0.019	0.000	0.124	0.000	0.137	0.062	0.001	0.040	0.002	0.019	0.063	0.008	1.000	0.979	1.000	0.305	0.004	0.034	0.040	0.088	0.016	0.009	0.003	0.037	0.016	0.862	0.079	0.046	0.999	0.025	0.031	0.001
DB_MAG_00086	0.784	0.488	0.530	0.681	0.541	0.457	0.425	0.419	0.588	0.396	0.434	0.923	0.709	0.727	0.522	0.157	0.080	0.895	0.990	0.939	0.122	0.979	0.000	0.042	0.011	0.009	0.041	0.003	0.080	0.013	0.275	0.254	0.242	0.237	0.199	0.556	0.098	0.028	0.206	0.650	0.444	0.337	0.278	0.083	0.085	0.001	0.640	0.909	0.780	0.566	0.951
DB_MAG_00087	0.255	0.668	0.252	0.094	0.348	0.504	0.413	0.204	0.461	0.988	0.097	0.284	0.247	0.191	0.254	0.276	0.455	0.308	0.889	0.246	0.159	0.228	0.041	0.877	0.859	0.197	0.413	0.315	0.513	0.464	0.017	0.019	0.008	0.122	0.022	0.111	0.766	0.022	0.139	0.642	0.424	0.325	0.465	0.276	0.328	0.778	0.248	0.397	0.406	0.110	0.189
DB_MAG_00088	0.025	0.007	0.005	0.003	0.007	0.006	1.000	1.000	1.000	1.000	1.000	1.000	1.000	0.024	0.008	0.034	0.300	1.000	1.000	1.000	1.000	0.306	0.005	0.523	0.926	0.007	0.178	0.035	0.714	0.238	0.036	0.008	0.013	0.011	0.044	0.005	0.449	0.129	1.000	1.000	1.000	1.000	1.000	1.000	1.000	0.119	1.000	1.000	0.046	0.011	0.011
DB_MAG_00089	0.992	0.997	0.979	0.936	0.992	0.998	0.993	0.983	0.965	0.997	0.808	0.615	0.995	0.902	0.867	0.011	0.183	0.850	0.878	0.990	0.875	0.962	0.010	0.091	0.996	0.825	0.903	0.893	0.257	0.070	0.786	0.542	0.533	0.930	0.623	0.521	0.808	0.333	0.983	0.981	0.794	0.993	0.998	0.998	0.997	0.020	0.991	0.898	0.998	0.992	0.982
DB_MAG_00090	0.996	0.939	0.927	0.873	0.900	0.933	0.849	0.627	0.630	0.417	0.591	0.578	0.997	0.992	0.894	0.921	0.372	0.978	0.643	0.125	0.084	0.310	0.000	0.063	0.028	0.001	0.029	0.004	0.254	0.066	0.967	0.982	0.999	0.998	0.962	0.495	0.073	0.035	0.996	0.632	0.987	0.689	0.998	0.747	0.976	0.014	0.583	0.995	0.129	0.996	0.185
DB_MAG_00091	0.727	0.969	0.994	0.976	0.999	0.999	0.998	0.995	0.968	0.999	0.997	0.998	0.999	0.003	0.051	0.000	0.011	0.000	0.020	0.005	0.000	0.030	0.000	0.042	0.012	0.000	0.010	0.000	0.008	0.001	0.002	0.003	0.001	0.003	0.004	0.001	0.066	0.037	0.019	0.005	0.005	0.002	0.003	0.003	0.008	0.002	1.000	0.406	0.682	0.998	0.002
DB_MAG_00092	0.818	0.573	0.569	0.442	0.671	0.760	0.651	0.641	0.606	0.730	0.288	0.271	0.586	0.462	0.676	0.005	0.012	0.836	0.656	0.631	0.129	0.532	0.000	0.004	0.317	0.000	0.002	0.000	0.008	0.009	0.383	0.319	0.222	0.307	0.182	0.142	0.065	0.013	0.565	0.586	0.467	0.684	0.994	0.700	0.614	0.003	0.126	0.303	0.592	0.565	0.229
DB_MAG_00093	0.310	0.578	0.520	0.573	0.490	0.227	0.486	0.447	0.466	0.409	0.388	0.334	0.410	0.362	0.213	0.018	0.016	0.019	0.026	0.011	0.008	0.022	0.000	0.011	0.011	0.009	0.010	0.009	0.005	0.002	0.011	0.011	0.012	0.007	0.005	0.008	0.018	0.007	0.674	0.353	0.544	0.518	0.057	0.433	0.111	0.000	0.316	0.081	0.020	0.400	0.015
DB_MAG_00094	0.732	0.811	0.298	0.480	0.903	0.234	0.228	0.369	0.430	0.253	0.191	0.832	0.397	0.886	0.513	0.007	0.059	0.901	0.992	0.806	0.243	0.333	0.000	0.071	0.013	0.001	0.017	0.003	0.160	0.095	0.978	0.957	0.971	0.371	0.372	0.295	0.064	0.036	0.744	0.835	0.840	0.829	0.375	0.455	0.031	0.002	0.550	0.808	0.177	0.387	0.303
DB_MAG_00095	0.639	0.589	0.400	0.378	0.504	0.205	0.377	0.641	0.487	0.318	0.445	0.754	0.444	0.397	0.500	0.922	0.320	0.715	0.950	0.751	0.098	0.851	0.000	0.015	0.028	0.003	0.007	0.006	0.007	0.009	0.260	0.254	0.369	0.375	0.481	0.682	0.036	0.016	0.327	0.142	0.201	0.180	0.433	0.215	0.340	0.002	0.473	0.387	0.461	0.523	0.498
DB_MAG_00096	0.999	0.999	0.998	0.998	0.998	0.998	0.999	0.997	1.000	0.998	0.642	0.309	0.939	0.699	0.575	0.039	0.106	0.663	0.559	0.995	0.920	0.966	0.001	0.036	0.961	0.954	0.032	0.016	0.044	0.066	0.689	0.891	0.745	0.948	0.885	0.054	0.766	0.355	0.966	0.909	0.956	0.902	0.946	0.960	0.851	0.023	0.998	0.956	0.997	0.998	0.995
DB_MAG_00097	0.944	0.526	1.000	0.996	0.862	0.271	0.979	0.941	0.171	1.000	0.083	0.761	0.999	1.000	1.000	0.002	0.014	0.001	0.048	0.006	0.000	0.046	0.000	0.035	0.009	0.001	0.003	0.000	0.021	0.005	0.001	0.397	0.064	0.577	0.759	0.998	0.021	0.002	0.002	0.000	0.000	0.000	0.003	0.003	0.002	0.001	0.002	0.006	0.003	0.001	0.002
DB_MAG_00098	0.747	0.002	0.003	0.002	0.002	0.002	0.003	0.004	0.003	0.005	0.998	0.998	0.999	0.006	0.007	0.002	0.011	0.001	0.008	0.003	0.000	0.002	0.000	0.003	0.009	0.000	0.006	0.001	0.001	0.010	0.002	0.008	0.007	0.008	0.007	0.005	0.035	0.022	0.008	0.003	0.007	0.007	0.011	0.010	0.928	0.063	0.010	0.006	0.003	0.003	0.002
DB_MAG_00099	1.000	1.000	1.000	1.000	0.988	0.939	0.970	1.000	1.000	1.000	1.000	0.997	0.682	0.015	0.178	0.005	0.022	0.001	0.117	0.017	0.001	0.094	0.000	0.104	0.019	0.001	0.013	0.001	0.045	0.000	0.002	0.002	0.002	0.002	0.001	0.004	0.001	0.000	0.003	0.002	0.002	0.002	0.002	0.004	0.001	0.000	0.035	0.823	0.001	0.002	0.002
DB_MAG_00100	1.000	1.000	1.000	1.000	1.000	1.000	1.000	1.000	1.000	0.984	1.000	1.000	0.997	0.018	0.451	0.000	0.044	0.002	0.189	0.041	0.001	0.202	0.000	0.239	0.059	0.001	0.036	0.003	0.024	0.001	0.002	0.003	0.002	0.003	0.004	0.001	0.015	0.008	0.004	1.000	0.995	0.059	0.166	0.999	0.010	0.000	0.004	0.001	0.002	0.003	0.002
DB_MAG_00101	0.544	0.454	0.817	0.887	0.870	0.552	0.774	0.691	0.637	0.529	0.814	0.977	0.654	0.588	0.621	0.728	0.204	0.996	0.999	0.909	0.191	0.705	0.002	0.135	0.024	0.217	0.337	0.523	0.450	0.035	0.535	0.628	0.584	0.371	0.467	0.961	0.068	0.016	0.618	0.948	0.944	0.792	0.528	0.295	0.410	0.001	0.644	0.894	0.431	0.487	0.893
DB_MAG_00102	0.018	0.019	0.029	0.009	0.009	0.005	0.006	0.007	0.009	0.007	0.009	0.019	0.070	0.999	0.998	0.002	0.841	0.014	0.385	0.070	0.024	0.227	0.018	0.390	0.166	0.013	0.092	0.017	0.328	0.925	0.998	0.999	1.000	1.000	1.000	0.999	0.653	0.424	0.171	0.035	0.017	0.045	0.314	0.072	0.502	0.039	0.218	0.276	0.102	0.016	0.018
DB_MAG_00103	0.915	0.893	0.730	0.459	0.834	0.887	0.881	0.790	0.722	0.958	0.538	0.503	0.869	0.723	0.677	0.046	0.040	0.774	0.723	0.822	0.571	0.780	0.000	0.014	0.124	0.001	0.007	0.001	0.022	0.031	0.811	0.767	0.530	0.662	0.617	0.305	0.319	0.095	0.989	0.926	0.956	0.960	0.997	0.932	0.952	0.008	0.716	0.634	0.971	0.879	0.771
DB_MAG_00104	1.000	1.000	1.000	1.000	1.000	0.999	0.999	1.000	0.982	0.977	0.999	1.000	1.000	1.000	1.000	0.000	0.045	0.000	0.111	0.016	0.000	0.118	0.000	0.133	0.033	0.001	0.023	0.001	0.037	0.014	0.887	0.908	0.222	0.035	0.051	0.029	0.196	0.111	0.196	0.030	0.663	0.869	0.028	0.042	0.026	0.005	1.000	0.298	0.937	0.997	0.992
DB_MAG_00105	0.945	0.686	0.296	0.257	0.739	0.950	0.663	0.765	0.997	0.810	0.213	0.758	1.000	1.000	0.964	0.017	0.032	0.351	0.027	0.309	0.003	0.025	0.000	0.026	0.211	0.001	0.008	0.004	0.016	0.009	0.032	0.261	0.849	0.124	0.135	0.138	0.105	0.032	1.000	0.009	0.106	0.027	0.098	0.454	0.493	0.003	1.000	1.000	0.862	0.658	0.027
DB_MAG_00106	1.000	1.000	1.000	0.999	1.000	1.000	1.000	0.999	0.999	0.999	0.999	1.000	1.000	0.045	0.269	0.001	0.027	0.001	0.131	0.028	0.001	0.136	0.000	0.168	0.042	0.001	0.041	0.001	0.019	0.002	0.003	0.028	0.029	0.030	0.021	0.022	0.003	0.001	0.007	0.008	0.007	0.010	0.010	0.012	0.044	0.001	0.009	0.006	0.006	0.008	0.008
DB_MAG_00107	0.375	0.432	0.781	0.797	0.911	0.227	0.620	0.602	0.852	0.720	0.461	0.764	0.457	0.901	0.590	0.018	0.070	0.806	0.901	0.558	0.144	0.096	0.001	0.072	0.805	0.002	0.010	0.003	0.052	0.110	0.978	0.933	0.939	0.855	0.810	0.906	0.049	0.037	0.822	0.211	0.511	0.726	0.331	0.273	0.103	0.003	0.996	0.998	0.291	0.450	0.873
DB_MAG_00108	0.630	0.449	0.805	0.748	0.846	0.522	0.149	0.100	0.288	0.160	0.214	0.472	0.317	0.465	0.457	0.005	0.017	0.005	0.024	0.006	0.001	0.024	0.000	0.024	0.003	0.000	0.001	0.001	0.004	0.015	0.368	0.185	0.163	0.702	0.214	0.674	0.022	0.010	0.882	0.048	0.693	0.136	0.022	0.060	0.010	0.002	0.119	0.783	0.031	0.505	0.033
DB_MAG_00109	1.000	1.000	1.000	1.000	1.000	1.000	1.000	1.000	0.964	0.989	0.999	0.998	1.000	0.007	0.345	0.000	0.034	0.001	0.072	0.013	0.000	0.064	0.000	0.057	0.010	0.000	0.004	0.000	0.011	0.006	0.001	0.001	0.000	0.001	0.009	0.000	0.198	0.142	0.071	0.046	1.000	0.800	0.292	1.000	1.000	0.013	1.000	1.000	0.928	1.000	0.992
DB_MAG_00110	1.000	1.000	1.000	1.000	1.000	0.999	1.000	1.000	1.000	0.999	1.000	1.000	1.000	1.000	1.000	0.024	0.435	0.998	0.830	0.997	0.154	0.843	0.001	0.853	0.912	0.015	0.165	0.625	0.383	0.386	1.000	1.000	0.999	1.000	1.000	0.841	0.515	0.273	1.000	0.995	0.998	0.987	0.459	1.000	0.731	0.031	1.000	1.000	1.000	0.999	1.000
DB_MAG_00111	0.923	0.770	0.829	0.768	0.902	0.406	0.686	0.903	0.908	0.680	0.902	0.997	0.880	0.410	0.602	0.007	0.031	0.243	0.793	0.384	0.011	0.164	0.000	0.036	0.011	0.000	0.009	0.001	0.021	0.052	0.926	0.150	0.488	0.743	0.670	0.898	0.050	0.028	0.898	0.981	0.998	0.879	0.267	0.580	0.088	0.002	0.394	0.740	0.196	0.842	0.682
DB_MAG_00112	0.986	0.937	0.998	0.999	0.995	0.997	0.988	0.989	0.993	0.999	0.999	1.000	0.997	0.378	0.374	0.013	0.115	0.995	0.998	0.999	0.503	0.722	0.000	0.238	0.054	0.004	0.051	0.010	0.428	0.119	0.935	0.900	0.980	0.588	0.586	0.793	0.209	0.140	0.999	1.000	1.000	1.000	0.999	0.941	0.999	0.005	0.992	0.999	0.633	1.000	0.999
DB_MAG_00113	0.993	0.989	0.730	0.974	0.978	0.917	0.925	0.895	0.960	0.878	0.961	0.989	0.982	0.987	0.926	0.012	0.076	0.975	0.972	0.915	0.740	0.188	0.001	0.086	0.700	0.002	0.016	0.006	0.088	0.049	0.810	0.888	0.976	0.498	0.993	0.381	0.079	0.022	0.998	0.853	0.978	0.956	0.771	0.953	0.893	0.002	0.473	0.965	0.415	0.921	0.541
DB_MAG_00114	0.314	0.170	0.114	0.404	0.482	0.025	0.069	0.171	0.069	0.054	0.300	0.962	0.322	0.705	0.371	0.000	0.034	0.988	0.281	0.986	0.044	0.957	0.000	0.020	0.049	0.001	0.006	0.003	0.021	0.033	0.163	0.841	0.961	0.907	0.882	0.721	0.023	0.033	0.495	0.040	0.099	0.450	0.077	0.085	0.085	0.002	0.760	0.745	0.071	0.138	0.971
DB_MAG_00115	0.169	0.396	0.153	0.357	0.109	0.052	0.164	0.392	0.287	0.663	0.610	0.989	0.501	0.465	0.747	0.016	0.891	0.995	0.951	0.941	0.491	0.995	0.000	0.045	0.995	0.783	0.995	0.994	0.121	0.057	0.144	0.929	0.897	0.786	0.719	0.147	0.076	0.037	0.454	0.212	0.217	0.126	0.202	0.519	0.044	0.002	0.728	0.994	0.488	0.612	0.953
DB_MAG_00116	0.999	0.998	0.996	0.957	0.999	0.999	0.999	0.996	0.992	1.000	0.973	0.960	0.999	0.999	0.994	0.005	0.422	0.999	1.000	0.997	0.962	0.999	0.010	0.084	1.000	0.626	0.997	0.986	0.213	0.392	0.996	0.982	0.969	0.981	0.941	0.794	0.978	0.840	1.000	0.999	0.995	1.000	1.000	1.000	1.000	0.133	0.996	0.890	1.000	0.999	0.996
DB_MAG_00117	0.002	0.002	0.009	0.002	0.001	0.002	1.000	1.000	0.999	0.999	0.999	0.998	0.999	0.997	0.988	0.001	0.076	0.000	0.014	0.009	0.000	0.008	0.000	0.031	0.012	0.000	0.008	0.001	0.024	0.085	0.997	0.678	0.539	1.000	0.999	0.747	0.377	0.259	0.996	1.000	0.991	1.000	1.000	1.000	1.000	0.053	1.000	1.000	0.973	1.000	0.999
DB_MAG_00118	0.001	0.001	0.001	0.001	0.001	0.000	0.523	0.932	0.733	0.991	0.613	0.625	0.996	0.001	0.001	0.000	0.008	0.000	0.003	0.000	0.000	0.002	0.000	0.011	0.002	0.000	0.001	0.000	0.009	0.000	0.027	0.008	0.006	0.008	0.007	0.006	0.001	0.007	1.000	0.002	0.001	0.002	0.002	0.002	0.005	0.000	0.003	0.998	0.005	0.001	0.001
DB_MAG_00119	0.999	0.999	0.999	0.999	0.999	0.999	0.998	0.998	0.993	0.999	0.990	0.787	0.999	0.992	0.991	0.021	0.121	0.405	0.369	0.458	0.056	0.062	0.000	0.038	0.670	0.114	0.739	0.443	0.068	0.165	0.994	0.975	0.989	0.997	0.646	0.305	0.385	0.177	0.998	0.985	0.946	0.978	0.997	0.998	0.997	0.030	0.999	0.999	0.876	0.998	0.864
DB_MAG_00120	0.992	0.957	0.998	0.999	0.999	0.870	0.993	0.996	0.989	0.975	0.998	1.000	0.986	0.994	0.989	0.001	0.256	0.999	0.996	0.997	0.503	1.000	0.000	0.295	0.815	0.999	0.972	0.012	0.194	0.405	0.999	0.999	0.997	0.998	0.998	0.999	0.286	0.208	0.986	0.991	0.993	0.996	0.973	0.998	0.617	0.008	0.999	0.997	0.965	0.995	0.998
DB_MAG_00121	0.857	0.848	0.675	0.485	0.478	0.712	0.822	0.368	0.654	0.581	0.328	0.536	0.537	0.005	0.367	0.006	0.009	0.002	0.007	0.003	0.001	0.005	0.000	0.003	0.003	0.000	0.002	0.001	0.003	0.004	0.004	0.003	0.207	0.691	0.489	0.159	0.009	0.002	0.743	0.647	0.871	0.704	0.920	0.897	0.943	0.004	0.270	0.175	0.024	0.003	0.002
DB_MAG_00122	1.000	0.999	1.000	1.000	0.995	1.000	1.000	1.000	0.888	0.172	1.000	1.000	0.972	1.000	1.000	0.003	0.109	0.001	0.208	0.047	0.001	0.186	0.000	0.162	0.109	0.000	0.088	0.003	0.049	0.034	0.008	0.667	0.999	0.017	0.090	0.028	0.680	0.509	0.634	0.026	0.049	0.007	0.022	0.052	0.021	0.024	0.422	0.259	0.813	1.000	1.000
DB_MAG_00123	0.001	0.000	0.003	0.001	0.001	0.000	0.001	0.001	0.001	0.001	0.661	0.967	0.956	0.936	0.898	0.000	0.003	0.000	0.001	0.000	0.000	0.002	0.000	0.000	0.003	0.000	0.004	0.000	0.001	0.012	0.001	0.006	0.004	0.004	0.006	0.003	0.018	0.003	0.996	0.005	0.998	0.999	0.977	0.595	1.000	0.011	0.005	0.002	0.001	0.002	0.001
DB_MAG_00124	0.369	0.291	0.282	0.514	0.602	0.156	0.249	0.514	0.337	0.311	0.624	0.949	0.301	0.699	0.414	0.007	0.063	0.898	0.681	0.775	0.070	0.691	0.003	0.048	0.035	0.205	0.111	0.002	0.050	0.135	0.963	0.952	0.987	0.983	0.996	0.990	0.061	0.046	0.873	0.521	0.978	0.955	0.371	0.555	0.293	0.002	0.647	0.902	0.244	0.474	0.929
DB_MAG_00125	0.999	0.999	0.999	0.998	0.999	0.998	0.999	0.999	0.999	0.997	0.999	0.999	0.995	0.998	0.999	0.589	0.362	0.255	0.974	0.148	0.134	0.455	0.000	0.427	0.101	0.005	0.070	0.008	0.308	0.415	1.000	0.999	0.998	0.991	0.991	0.999	0.380	0.196	0.944	0.982	1.000	0.999	0.989	0.998	0.977	0.011	0.897	0.996	0.263	0.998	0.881
DB_MAG_00126	0.898	0.827	0.577	0.997	0.993	0.234	0.669	0.972	0.796	0.395	0.482	0.943	0.575	0.746	0.796	0.812	0.902	0.997	0.170	0.976	0.002	0.204	0.000	0.165	0.889	0.002	0.309	0.005	0.114	0.017	0.285	0.086	0.789	0.547	0.081	0.053	0.242	0.041	0.495	0.109	0.425	0.598	0.394	0.459	0.342	0.003	0.990	0.999	0.958	0.572	0.994
DB_MAG_00127	0.008	0.005	0.674	0.991	0.130	0.014	0.138	0.044	0.166	0.022	0.170	0.925	0.094	0.007	0.012	0.000	0.021	0.000	0.094	0.010	0.001	0.127	0.000	0.078	0.008	0.000	0.006	0.000	0.003	0.003	0.000	0.000	0.000	0.000	0.006	0.000	0.069	0.019	0.645	0.149	0.983	0.735	0.301	0.818	0.001	0.000	0.428	0.996	0.170	0.106	0.954
DB_MAG_00128	0.730	0.783	0.560	0.599	0.514	0.589	0.626	0.647	0.474	0.600	0.506	0.646	0.522	0.482	0.335	0.046	0.031	0.289	0.062	0.429	0.110	0.062	0.000	0.016	0.029	0.001	0.008	0.001	0.020	0.013	0.249	0.180	0.264	0.376	0.092	0.371	0.114	0.026	0.151	0.276	0.423	0.551	0.594	0.317	0.317	0.001	0.539	0.748	0.577	0.315	0.193
DB_MAG_00129	1.000	0.997	0.999	0.993	1.000	1.000	1.000	1.000	0.999	1.000	0.998	1.000	1.000	1.000	0.933	0.000	0.129	0.000	0.040	0.017	0.000	0.037	0.000	0.053	0.033	0.001	0.028	0.000	0.025	0.123	1.000	0.999	0.811	0.237	0.988	0.964	0.044	0.021	0.019	0.999	0.998	0.999	1.000	0.197	1.000	0.042	0.006	0.002	0.003	0.002	0.001
DB_MAG_00130	0.230	0.425	1.000	0.999	0.992	0.936	1.000	0.821	0.552	0.980	0.999	1.000	0.185	0.012	0.245	0.000	0.039	0.000	0.052	0.014	0.000	0.043	0.000	0.036	0.012	0.000	0.009	0.000	0.008	0.021	0.006	0.024	0.597	0.800	0.793	0.795	0.025	0.014	0.001	0.005	0.003	0.003	0.012	0.003	0.899	0.069	0.014	0.043	0.001	0.002	0.001
DB_MAG_00131	0.995	0.938	0.996	0.970	0.934	0.998	0.996	0.299	0.993	0.999	0.918	0.855	0.970	0.980	0.997	0.013	0.707	0.970	0.279	0.005	0.350	0.454	0.000	0.014	0.034	0.000	0.052	0.003	0.011	0.003	0.005	0.005	0.036	0.029	0.002	0.495	0.082	0.017	0.149	0.432	0.751	0.021	0.048	0.978	0.812	0.002	0.978	0.217	0.829	0.777	0.162
DB_MAG_00132	0.999	0.994	0.953	1.000	0.994	0.688	0.946	0.999	0.995	0.931	0.996	1.000	0.986	0.988	0.972	0.340	0.925	1.000	0.909	1.000	0.869	0.921	0.003	0.480	0.359	0.008	0.162	0.034	0.840	0.062	0.670	0.586	0.986	0.924	0.125	0.073	0.933	0.276	0.899	0.109	0.853	0.423	0.645	0.777	0.269	0.008	0.996	1.000	1.000	0.842	1.000
DB_MAG_00133	1.000	1.000	1.000	1.000	1.000	0.998	0.999	1.000	1.000	0.997	1.000	1.000	1.000	1.000	1.000	0.030	0.367	0.975	1.000	0.488	0.583	0.998	0.000	0.382	0.068	0.003	0.053	0.007	0.238	0.559	1.000	1.000	1.000	1.000	1.000	1.000	0.439	0.317	1.000	1.000	1.000	1.000	1.000	0.993	0.913	0.043	1.000	1.000	0.943	1.000	0.998
DB_MAG_00134	0.389	0.500	0.184	0.069	0.365	0.296	0.389	0.530	0.374	0.524	0.331	0.893	0.447	0.057	0.098	0.029	0.008	0.362	0.103	0.118	0.005	0.288	0.000	0.003	0.004	0.000	0.001	0.000	0.004	0.004	0.004	0.003	0.004	0.021	0.002	0.004	0.045	0.006	0.464	0.223	0.577	0.647	0.831	0.633	0.678	0.001	0.059	0.140	0.770	0.028	0.035
DB_MAG_00135	0.398	0.780	0.259	0.472	0.674	0.654	0.975	0.234	0.321	0.995	0.195	0.997	0.870	0.840	0.967	0.851	0.657	0.987	0.813	0.375	0.813	0.867	0.001	0.109	0.918	0.300	0.868	0.848	0.448	0.056	0.411	0.742	0.993	0.171	0.895	0.509	0.893	0.170	0.913	0.987	0.974	0.928	0.627	0.870	0.757	0.009	0.940	0.990	0.906	0.935	0.889
DB_MAG_00136	0.005	0.001	0.001	0.000	0.000	0.000	0.997	1.000	1.000	0.999	0.979	0.999	1.000	0.003	0.003	0.000	0.006	0.000	0.009	0.001	0.000	0.012	0.000	0.045	0.017	0.000	0.009	0.000	0.019	0.000	0.003	0.004	0.003	0.004	0.004	0.002	0.002	0.001	0.003	0.061	0.279	0.001	0.002	0.002	0.010	0.000	0.547	0.900	0.047	0.001	0.001
DB_MAG_00137	0.890	0.805	0.928	0.817	0.954	0.825	0.972	0.974	0.973	0.984	0.634	0.907	0.545	0.841	0.389	0.947	0.942	0.994	0.999	0.993	0.997	0.999	0.002	0.073	0.993	0.992	0.999	0.995	0.133	0.038	0.225	0.714	0.346	0.025	0.070	0.037	0.829	0.310	0.998	0.400	0.987	0.925	0.270	0.076	0.436	0.017	0.999	0.995	0.998	0.997	0.999
DB_MAG_00138	0.601	0.522	0.475	0.307	0.492	0.324	0.481	0.423	0.410	0.657	0.223	0.439	0.450	0.392	0.305	0.856	0.803	0.830	0.994	0.619	0.142	0.498	0.001	0.018	0.973	0.151	0.942	0.001	0.070	0.010	0.284	0.240	0.258	0.279	0.222	0.400	0.068	0.016	0.942	0.497	0.753	0.347	0.756	0.776	0.691	0.002	0.666	0.503	0.776	0.540	0.628
DB_MAG_00139	0.998	0.999	1.000	1.000	1.000	0.962	1.000	1.000	0.998	1.000	1.000	1.000	0.689	1.000	1.000	0.001	0.181	0.000	0.115	0.023	0.001	0.119	0.000	0.127	0.036	0.001	0.028	0.001	0.088	0.068	0.320	1.000	1.000	0.983	0.887	1.000	0.380	0.246	0.999	0.999	0.996	0.895	1.000	1.000	0.978	0.027	1.000	1.000	0.990	1.000	1.000
DB_MAG_00140	0.001	0.001	0.009	0.001	0.001	0.002	0.001	0.001	0.001	0.004	0.001	0.002	0.001	0.003	0.999	0.000	0.002	0.000	0.002	0.000	0.000	0.004	0.000	0.002	0.002	0.000	0.000	0.000	0.001	0.001	0.002	0.002	0.008	0.013	0.012	0.009	0.001	0.000	0.001	0.002	0.001	0.001	0.002	0.001	0.012	0.000	0.003	0.001	0.011	0.005	0.005
DB_MAG_00141	0.999	0.182	0.002	0.001	0.000	0.001	0.001	0.000	0.001	0.001	0.000	0.001	0.378	0.000	0.000	0.000	0.001	0.000	0.005	0.001	0.000	0.000	0.000	0.000	0.000	0.000	0.000	0.000	0.000	0.000	0.000	0.001	0.001	0.001	0.001	0.001	0.002	0.001	0.001	0.000	0.000	0.000	0.000	0.000	0.006	0.000	0.000	0.611	0.104	0.001	0.000
DB_MAG_00142	0.104	0.129	0.063	0.116	0.112	0.216	0.129	0.148	0.099	0.248	0.183	0.636	0.989	0.994	0.947	0.910	0.620	0.007	0.078	0.015	0.004	0.139	0.008	0.178	0.039	0.003	0.052	0.012	0.445	0.023	0.215	0.029	0.512	0.632	0.929	0.027	0.687	0.065	0.664	0.897	0.875	0.765	0.929	0.144	0.933	0.016	0.079	0.137	0.931	0.405	0.919
DB_MAG_00143	0.997	0.904	0.915	0.732	0.891	0.279	0.955	0.995	0.997	0.677	0.531	0.997	0.987	0.016	0.042	0.020	0.049	0.009	0.037	0.017	0.005	0.052	0.000	0.072	0.027	0.007	0.028	0.007	0.028	0.003	0.043	0.017	0.018	0.010	0.012	0.010	0.014	0.011	1.000	0.012	0.011	0.009	0.007	0.012	0.013	0.001	0.807	0.010	0.010	0.010	0.014
DB_MAG_00144	0.505	0.840	0.665	0.472	0.220	0.062	0.497	0.574	0.453	0.396	0.456	0.082	0.539	0.323	0.189	0.030	0.061	0.718	0.941	0.715	0.263	0.523	0.000	0.040	0.638	0.003	0.016	0.015	0.108	0.027	0.570	0.851	0.255	0.507	0.331	0.395	0.184	0.052	0.782	0.340	0.492	0.758	0.075	0.203	0.132	0.002	0.508	0.700	0.887	0.714	0.904
DB_MAG_00145	0.992	0.993	0.985	0.996	0.986	0.996	0.998	0.999	0.989	0.994	0.995	0.999	0.994	0.983	0.972	0.758	0.887	0.983	0.957	0.980	0.675	0.941	0.004	0.118	0.541	0.006	0.433	0.011	0.196	0.071	0.883	0.697	0.987	0.985	0.701	0.896	0.697	0.224	0.982	0.916	0.986	0.980	0.966	0.998	0.999	0.036	0.997	1.000	0.998	0.998	0.998
DB_MAG_00146	0.380	0.643	0.945	0.993	0.980	0.600	0.865	0.943	0.879	0.727	0.967	0.994	0.833	0.585	0.618	0.002	0.076	0.999	1.000	0.994	0.864	0.999	0.001	0.102	0.321	0.009	0.029	0.012	0.197	0.024	0.690	0.723	0.645	0.815	0.938	0.887	0.075	0.089	0.720	0.975	0.807	0.971	0.864	0.998	0.304	0.001	0.996	0.871	0.720	0.997	0.999
DB_MAG_00147	1.000	1.000	1.000	1.000	1.000	0.998	1.000	1.000	1.000	1.000	1.000	1.000	0.999	0.717	0.959	0.925	0.913	0.997	0.986	0.994	0.322	0.998	0.001	0.652	0.586	0.887	0.854	0.387	0.732	0.260	0.957	0.898	0.945	0.218	0.717	0.631	0.997	0.874	1.000	0.978	0.899	0.968	0.902	0.882	0.989	0.031	1.000	1.000	0.999	0.999	0.999
DB_MAG_00148	0.999	0.998	0.997	0.993	0.998	0.999	0.998	0.988	0.997	0.999	0.958	0.957	0.997	0.999	0.998	0.014	0.214	0.996	0.967	0.998	0.768	0.939	0.008	0.162	0.998	0.864	0.878	0.866	0.289	0.156	0.998	0.961	0.929	0.972	0.799	0.651	0.566	0.153	0.999	0.998	0.984	0.995	1.000	1.000	0.999	0.038	0.996	0.996	0.961	0.870	0.989
DB_MAG_00149	0.003	0.001	0.001	0.000	0.000	0.000	0.000	0.000	0.000	0.001	0.000	0.021	1.000	0.998	0.410	0.063	0.167	0.000	0.029	0.006	0.043	0.281	0.002	0.005	0.015	0.000	0.006	0.065	0.048	0.107	0.999	0.080	0.003	0.003	0.038	0.001	0.938	0.079	0.859	0.999	0.941	0.999	1.000	1.000	0.997	0.064	0.011	0.000	0.003	0.001	0.000
DB_MAG_00150	0.978	0.959	0.772	0.732	0.861	0.784	0.937	0.724	0.859	0.751	0.454	0.502	0.716	0.513	0.179	0.022	0.074	0.997	0.996	0.994	0.745	0.838	0.000	0.155	0.287	0.002	0.042	0.010	0.629	0.042	0.979	0.658	0.705	0.785	0.407	0.812	0.087	0.035	0.782	0.206	0.455	0.590	0.341	0.183	0.233	0.005	0.407	0.709	0.645	0.877	0.702
DB_MAG_00151	0.704	0.579	0.922	0.995	0.840	0.485	0.852	0.837	0.831	0.404	0.999	1.000	0.971	0.836	0.932	0.000	0.199	0.999	0.999	0.997	0.649	1.000	0.008	0.126	1.000	1.000	1.000	0.007	0.120	0.256	0.996	1.000	1.000	0.998	1.000	1.000	0.242	0.167	0.997	0.999	0.991	0.974	0.952	0.850	0.311	0.004	0.932	1.000	0.742	0.849	1.000
DB_MAG_00152	0.556	0.896	0.454	0.394	0.849	0.237	0.078	0.419	0.722	0.683	0.754	0.977	0.971	0.783	0.465	0.043	0.048	0.398	0.992	0.394	0.079	0.067	0.000	0.027	0.014	0.002	0.017	0.002	0.030	0.059	0.895	0.437	0.239	0.606	0.445	0.247	0.030	0.018	0.997	0.277	0.394	0.449	0.228	0.070	0.218	0.005	0.271	0.427	0.202	0.485	0.626
DB_MAG_00153	0.984	0.998	0.986	0.668	1.000	0.999	0.996	1.000	0.999	0.994	0.634	0.996	0.998	0.975	0.990	0.010	0.228	0.993	1.000	0.999	0.759	0.885	0.004	0.139	0.294	0.517	0.040	0.008	0.460	0.092	0.861	0.945	0.963	0.889	0.988	0.772	0.659	0.152	1.000	1.000	1.000	1.000	1.000	0.999	1.000	0.052	0.999	0.215	1.000	0.996	0.997
DB_MAG_00154	0.007	0.006	0.014	0.002	0.002	0.002	0.003	0.002	0.001	0.004	0.002	0.004	0.030	1.000	0.998	0.000	0.265	0.001	0.072	0.010	0.001	0.023	0.000	0.033	0.020	0.000	0.015	0.001	0.044	0.253	0.021	0.951	0.952	0.952	0.948	0.939	0.143	0.121	0.066	0.017	0.004	0.009	0.068	0.031	0.841	0.157	0.063	0.109	0.018	0.006	0.005
DB_MAG_00155	0.999	0.999	0.998	0.996	0.998	0.997	0.999	0.999	0.998	1.000	0.997	1.000	0.999	0.996	0.995	0.062	0.433	0.999	0.999	0.998	0.995	0.999	0.003	0.381	0.998	0.961	0.993	0.994	0.705	0.443	0.999	0.998	0.998	0.997	0.999	0.997	0.968	0.666	0.999	0.999	0.999	0.999	1.000	1.000	1.000	0.094	1.000	0.999	0.999	0.999	0.998
DB_MAG_00156	0.997	0.995	0.542	0.146	0.940	0.506	0.459	0.749	0.378	0.516	0.738	0.731	0.553	0.971	0.443	0.011	0.036	0.482	0.192	0.999	0.008	0.024	0.000	0.010	0.010	0.003	0.007	0.002	0.012	0.033	0.936	0.505	0.750	0.796	0.676	0.490	0.115	0.027	0.327	0.011	0.011	0.011	0.016	0.011	0.010	0.003	0.940	0.401	0.350	0.710	0.499
DB_MAG_00157	0.808	0.605	0.485	0.452	0.314	0.182	0.422	0.952	0.653	0.656	0.917	0.128	0.997	0.573	0.787	0.000	0.011	0.000	0.010	0.002	0.001	0.004	0.000	0.007	0.006	0.000	0.002	0.000	0.005	0.013	0.073	0.363	0.200	0.877	0.743	0.270	0.641	0.095	0.999	0.029	0.038	0.022	0.029	0.026	0.033	0.008	0.994	0.993	0.997	0.990	0.993
DB_MAG_00158	0.715	0.630	0.524	0.477	0.538	0.680	0.591	0.504	0.396	0.832	0.246	0.194	0.521	0.465	0.329	0.121	0.574	0.496	0.520	0.422	0.236	0.501	0.000	0.008	0.311	0.032	0.124	0.000	0.022	0.013	0.230	0.146	0.199	0.288	0.071	0.089	0.298	0.061	0.650	0.315	0.338	0.411	0.817	0.813	0.632	0.005	0.685	0.507	0.820	0.639	0.417
DB_MAG_00159	0.595	0.849	0.961	0.980	0.723	0.864	0.923	0.964	0.974	0.976	0.721	0.915	0.986	0.986	0.981	0.000	0.043	0.000	0.022	0.004	0.000	0.024	0.000	0.020	0.011	0.000	0.005	0.000	0.013	0.055	0.966	0.895	0.971	0.983	0.984	0.662	0.269	0.083	0.986	0.985	0.985	0.984	0.970	0.987	0.985	0.031	0.050	0.983	0.981	0.983	0.291
DB_MAG_00160	0.960	0.940	0.938	0.823	0.841	0.936	0.942	0.876	0.890	0.979	0.810	0.451	0.932	0.750	0.720	0.013	0.049	0.394	0.222	0.511	0.251	0.422	0.000	0.017	0.420	0.111	0.394	0.104	0.039	0.052	0.880	0.592	0.619	0.702	0.779	0.205	0.411	0.112	0.978	0.952	0.937	0.931	0.996	0.996	0.992	0.011	0.959	0.638	0.977	0.949	0.602
DB_MAG_00161	0.993	0.979	0.956	0.809	0.973	0.992	0.984	0.984	0.934	0.993	0.959	0.745	0.960	0.854	0.810	0.853	0.876	0.982	0.990	0.962	0.930	0.994	0.012	0.067	0.997	0.463	0.978	0.901	0.169	0.084	0.898	0.923	0.932	0.887	0.893	0.547	0.590	0.189	0.950	0.971	0.982	0.994	0.999	0.995	0.983	0.023	0.789	0.890	0.992	0.992	0.954
DB_MAG_00162	0.999	0.998	0.999	0.997	0.998	0.999	0.999	0.999	0.997	0.999	0.998	0.911	0.999	0.997	0.996	0.834	0.871	0.998	0.985	0.953	0.981	0.868	0.004	0.136	0.999	0.685	0.991	0.582	0.260	0.365	0.998	0.986	0.996	0.998	0.998	0.977	0.976	0.469	1.000	1.000	0.999	0.999	1.000	1.000	1.000	0.110	1.000	0.995	0.999	0.998	0.976
DB_MAG_00163	0.009	0.007	0.011	0.010	0.005	0.007	0.949	0.997	0.998	1.000	0.005	0.005	0.006	0.007	0.009	0.000	0.003	0.000	0.002	0.002	0.000	0.004	0.000	0.024	0.004	0.000	0.002	0.000	0.024	0.000	0.001	0.026	0.031	0.005	0.006	0.010	0.004	0.004	0.021	0.007	0.004	0.002	0.006	0.008	0.003	0.001	1.000	0.964	0.012	0.013	0.013
DB_MAG_00164	0.796	0.592	0.587	0.739	0.782	0.313	0.564	0.684	0.639	0.713	0.699	0.928	0.657	0.570	0.720	0.020	0.062	0.107	0.129	0.214	0.063	0.151	0.001	0.046	0.954	0.054	0.074	0.453	0.034	0.059	0.748	0.829	0.902	0.855	0.848	0.528	0.062	0.050	0.832	0.243	0.335	0.328	0.125	0.587	0.173	0.003	0.958	0.970	0.196	0.810	0.668
DB_MAG_00165	0.012	0.978	0.836	0.884	0.007	0.013	0.943	0.429	0.019	0.045	0.005	0.007	0.021	0.015	0.024	0.000	0.002	0.000	0.008	0.002	0.000	0.007	0.000	0.006	0.001	0.000	0.000	0.000	0.001	0.001	0.002	0.210	0.094	0.011	0.019	0.018	0.003	0.000	0.029	0.018	0.013	0.003	0.017	0.005	0.012	0.000	0.012	0.009	0.012	0.011	0.007
DB_MAG_00166	0.002	0.002	0.015	0.001	0.001	0.000	0.001	0.001	0.001	0.001	0.001	0.001	0.008	0.998	1.000	0.000	0.117	0.000	0.039	0.004	0.000	0.015	0.000	0.025	0.009	0.000	0.010	0.000	0.025	0.304	1.000	1.000	0.999	1.000	0.999	0.969	0.043	0.053	0.078	0.013	0.002	0.003	0.083	0.015	0.011	0.043	0.018	0.060	0.001	0.001	0.001
DB_MAG_00167	0.739	0.657	0.411	0.284	0.439	0.616	0.479	0.568	0.325	0.507	0.199	0.223	0.342	0.198	0.160	0.016	0.017	0.092	0.337	0.102	0.063	0.077	0.000	0.008	0.021	0.002	0.011	0.005	0.021	0.009	0.372	0.186	0.209	0.250	0.147	0.123	0.078	0.017	0.557	0.239	0.219	0.299	0.503	0.313	0.308	0.001	0.264	0.116	0.321	0.281	0.206
DB_MAG_00168	0.425	0.337	0.368	0.401	0.595	0.284	0.417	0.453	0.343	0.286	0.303	0.890	0.527	0.896	0.879	0.007	0.050	0.011	0.038	0.007	0.001	0.029	0.000	0.036	0.010	0.000	0.007	0.001	0.032	0.118	0.985	0.887	0.975	0.798	0.915	0.571	0.038	0.021	0.391	0.457	0.676	0.687	0.711	0.216	0.073	0.001	0.151	0.271	0.011	0.103	0.053
DB_MAG_00169	0.496	0.909	0.306	0.175	0.401	0.629	0.427	0.219	0.500	0.989	0.240	0.946	0.509	0.316	0.695	0.654	0.766	0.775	0.672	0.597	0.406	0.635	0.312	0.764	0.758	0.315	0.697	0.710	0.641	0.643	0.020	0.040	0.019	0.135	0.299	0.322	0.937	0.202	0.141	0.704	0.741	0.708	0.535	0.650	0.625	0.867	0.669	0.419	0.822	0.163	0.304
DB_MAG_00170	0.955	0.730	0.300	0.392	0.990	0.895	0.573	0.546	0.438	0.476	0.508	0.997	0.814	0.996	0.774	0.032	0.138	0.708	0.424	0.077	0.053	0.170	0.000	0.098	0.027	0.001	0.024	0.002	0.078	0.281	0.997	0.999	0.999	0.998	0.995	0.666	0.138	0.107	0.408	0.419	0.988	0.983	0.810	0.103	0.253	0.010	0.296	0.994	0.090	0.963	0.992
DB_MAG_00171	0.289	0.274	0.285	0.453	0.132	0.021	0.054	0.844	0.673	0.275	0.458	0.304	0.370	0.324	0.364	0.873	0.112	0.072	0.728	0.986	0.011	0.051	0.000	0.075	0.230	0.537	0.986	0.007	0.230	0.032	0.330	0.978	0.700	0.977	0.967	0.618	0.029	0.027	0.976	0.459	0.791	0.492	0.032	0.047	0.061	0.004	0.487	0.985	0.194	0.580	0.947
DB_MAG_00172	0.168	0.500	0.515	0.511	0.532	0.050	0.474	0.742	0.438	0.364	0.633	0.721	0.538	0.496	0.233	0.004	0.021	0.989	0.819	0.841	0.199	0.172	0.000	0.023	0.088	0.003	0.023	0.110	0.030	0.017	0.269	0.362	0.576	0.693	0.774	0.483	0.103	0.043	0.937	0.390	0.315	0.416	0.069	0.064	0.039	0.001	0.807	0.537	0.617	0.716	0.801
DB_MAG_00173	0.561	0.697	0.468	0.319	0.724	0.827	0.644	0.760	0.819	0.907	0.719	0.636	0.791	0.218	0.451	0.005	0.071	0.426	0.293	0.406	0.177	0.609	0.001	0.050	0.969	0.005	0.024	0.007	0.169	0.050	0.862	0.481	0.569	0.889	0.751	0.517	0.218	0.062	0.778	0.643	0.484	0.827	0.980	0.985	0.996	0.009	0.181	0.808	0.920	0.687	0.529
DB_MAG_00174	0.999	0.830	0.989	1.000	1.000	0.954	0.994	0.998	0.997	0.795	0.999	1.000	0.998	0.832	0.654	0.001	0.582	1.000	1.000	1.000	0.235	1.000	0.117	0.657	1.000	1.000	1.000	1.000	0.865	0.231	0.998	0.998	0.984	1.000	1.000	1.000	0.442	0.275	0.997	1.000	1.000	1.000	0.998	0.997	0.617	0.005	1.000	1.000	1.000	0.971	1.000
DB_MAG_00175	0.997	0.999	0.999	0.999	0.957	0.988	0.999	0.993	0.995	0.997	0.970	0.730	0.996	0.810	0.825	0.000	0.085	0.000	0.072	0.014	0.000	0.041	0.000	0.042	0.007	0.000	0.009	0.001	0.027	0.097	0.992	0.679	0.415	0.994	0.996	0.019	0.414	0.105	0.997	0.755	0.880	0.350	0.996	0.997	0.994	0.043	0.997	0.920	0.996	0.995	0.997
DB_MAG_00176	0.998	0.999	0.998	0.991	0.999	0.999	0.999	0.996	0.997	1.000	0.971	0.941	0.997	0.987	0.975	0.033	0.328	0.985	0.968	0.997	0.944	0.945	0.010	0.065	0.999	0.951	0.931	0.927	0.166	0.320	0.996	0.997	0.985	0.997	0.994	0.752	0.987	0.757	1.000	0.999	1.000	1.000	1.000	1.000	1.000	0.139	0.999	0.990	1.000	0.999	0.995
DB_MAG_00177	0.999	1.000	0.268	0.066	0.558	0.363	0.300	0.032	1.000	0.985	0.958	0.817	0.963	0.016	0.015	0.000	0.058	0.152	0.339	0.009	0.324	0.028	0.014	0.040	0.101	0.000	0.012	0.001	0.047	0.012	0.003	0.002	0.030	0.698	0.713	0.277	0.006	0.006	0.991	0.017	0.010	0.008	0.022	0.029	0.006	0.006	0.057	0.075	0.022	0.075	0.592
DB_MAG_00178	1.000	0.997	0.999	1.000	1.000	0.999	1.000	1.000	1.000	0.999	1.000	1.000	1.000	1.000	1.000	0.003	0.605	1.000	1.000	1.000	0.999	1.000	0.045	0.638	0.251	1.000	0.898	1.000	0.720	0.570	1.000	1.000	1.000	1.000	1.000	1.000	0.962	0.650	1.000	1.000	1.000	1.000	1.000	1.000	0.837	0.021	1.000	1.000	1.000	1.000	1.000
DB_MAG_00179	0.763	0.680	0.559	0.479	0.547	0.753	0.649	0.812	0.502	0.818	0.327	0.378	0.484	0.246	0.463	0.010	0.053	0.457	0.762	0.648	0.315	0.613	0.001	0.036	0.910	0.154	0.991	0.991	0.103	0.030	0.317	0.760	0.419	0.552	0.600	0.161	0.227	0.050	0.525	0.323	0.405	0.478	0.931	0.825	0.846	0.009	0.490	0.898	0.789	0.761	0.394
DB_MAG_00180	0.611	0.531	0.994	0.998	0.992	0.774	0.996	0.817	0.999	0.063	0.467	0.952	0.412	0.011	0.061	0.000	0.063	0.958	0.938	0.953	0.039	0.797	0.000	0.093	0.277	0.009	0.016	0.010	0.031	0.005	0.007	0.007	0.007	0.007	0.020	0.006	0.136	0.095	0.498	0.503	0.373	0.707	0.165	0.459	0.061	0.000	0.983	1.000	0.965	0.986	1.000
DB_MAG_00181	0.587	0.639	0.550	0.454	0.436	0.544	0.599	0.580	0.467	0.661	0.347	0.652	0.557	0.393	0.554	0.013	0.017	0.400	0.232	0.529	0.139	0.179	0.000	0.023	0.129	0.003	0.013	0.008	0.083	0.005	0.182	0.249	0.273	0.117	0.094	0.069	0.042	0.015	0.539	0.287	0.244	0.273	0.197	0.177	0.249	0.002	0.367	0.291	0.254	0.442	0.568
DB_MAG_00182	0.999	0.996	0.782	0.607	0.999	0.999	0.999	0.998	0.995	1.000	0.999	0.997	0.997	0.998	0.998	0.000	0.116	0.015	0.649	0.012	0.625	0.045	0.000	0.057	0.019	0.000	0.015	0.001	0.047	0.067	0.006	0.013	0.911	0.803	0.740	0.795	0.354	0.101	0.405	1.000	0.995	0.980	1.000	1.000	0.959	0.055	0.092	0.820	0.999	0.913	1.000
DB_MAG_00183	0.427	0.257	0.185	0.118	0.791	0.828	0.284	0.217	0.274	0.290	0.239	0.183	0.453	0.007	0.005	0.003	0.004	0.005	0.010	0.004	0.001	0.006	0.000	0.002	0.002	0.000	0.002	0.000	0.004	0.004	0.005	0.003	0.004	0.004	0.003	0.004	0.019	0.006	0.430	0.367	0.633	0.650	0.789	0.385	0.640	0.001	0.351	0.126	0.063	0.189	0.013
