bins	DA_D_01	DA_D_02	DA_D_03	DA_D_04	DA_D_05	DA_D_06	DA_D_07	DA_D_08	DA_D_09	DA_D_10	DA_D_11	DA_D_12	DA_D_13	DA_D_14	DA_D_15	DA_D_16	DA_D_17	DA_D_18	DA_D_19	DA_D_20	DA_D_21	DA_D_22	DA_D_23	DA_D_24	DA_R01_CDI_P_01_PRE	DA_R01_CDI_P_02_POST	DA_R01_CDI_P_03_POST	DA_R01_CDI_P_05_POST	DA_R01_CDI_P_06_POST	DA_R01_CDI_P_08_PRE	DA_R02_CDI_C_01_PRE	DA_R02_CDI_C_02_PRE	DA_R02_CDI_C_03_POST	DA_R02_CDI_C_04_POST	DA_R02_CDI_C_05_POST	DA_R02_CDI_C_06_POST	DA_R02_CDI_C_07_POST	DA_R03_CDI_C_01_PRE	DA_R03_CDI_C_02_PRE	DA_R03_CDI_C_03_PRE	DA_R03_CDI_C_04_POST	DA_R03_CDI_C_05_POST	DA_R03_CDI_C_06_POST	DA_R03_CDI_C_07_POST	DA_R03_CDI_C_08_POST	DA_R04_UC_P_01_PRE	DA_R04_UC_P_02_PRE	DA_R04_UC_P_03_POST	DA_R04_UC_P_04_POST	DA_R04_UC_P_05_POST	DA_R04_UC_P_06_POST	DA_R04_UC_P_07_POST	DA_R04_UC_P_09_POST	DA_R05_UC_C_01_PRE	DA_R05_UC_C_02_POST	DA_R05_UC_C_03_POST	DA_R05_UC_C_04_POST	DA_R05_UC_C_05_POST
DA_MAG_00001	0.843	0.465	0.567	0.605	0.441	0.858	0.515	0.316	0.541	0.398	0.606	0.520	0.312	0.482	0.532	0.567	0.644	0.702	0.704	0.414	0.005	0.401	0.521	0.747	0.000	0.767	0.956	0.905	0.828	0.000	0.001	0.001	0.162	0.198	0.113	0.841	0.359	0.002	0.000	0.001	0.794	0.001	0.039	0.122	0.002	0.000	0.017	0.416	0.017	0.161	0.103	0.498	0.675	0.001	0.287	0.167	0.407	0.320
DA_MAG_00002	0.079	0.032	0.010	0.001	0.000	0.000	0.000	0.068	0.069	0.049	0.117	0.623	0.655	0.053	0.145	0.159	0.051	0.999	0.104	0.004	0.310	0.031	0.869	0.149	0.268	0.992	0.998	0.999	0.290	0.220	0.972	0.972	0.982	0.973	0.619	0.973	0.763	0.911	0.911	0.910	0.972	0.912	0.836	0.564	0.873	0.998	0.998	0.919	0.226	0.471	0.929	0.840	0.193	0.914	0.010	0.001	0.000	0.001
DA_MAG_00003	0.965	0.433	0.716	0.804	0.554	0.993	0.752	0.354	0.717	0.533	0.835	0.668	0.995	0.721	0.828	0.909	0.883	0.943	0.867	0.875	0.029	0.603	0.920	0.928	0.001	0.975	0.999	0.999	0.988	0.001	0.042	0.745	0.960	0.061	0.430	0.855	0.574	0.047	0.005	0.002	0.487	0.001	0.002	0.001	0.002	0.000	0.094	0.931	0.182	0.323	0.019	0.643	0.889	0.002	0.078	0.164	0.001	0.001
DA_MAG_00004	0.884	0.001	0.009	0.001	0.000	0.000	0.002	0.999	0.927	0.995	0.896	0.950	1.000	0.411	0.990	0.490	0.688	0.834	0.719	0.877	0.002	0.779	0.791	0.998	0.000	0.138	0.688	0.041	0.002	0.001	0.000	0.003	0.836	0.813	0.021	0.072	0.000	0.001	0.001	0.001	0.917	0.006	0.417	0.228	0.000	0.000	0.148	0.986	0.897	1.000	0.285	0.994	0.958	0.001	0.280	0.323	0.383	0.930
DA_MAG_00005	0.299	0.168	0.286	0.333	0.334	1.000	0.886	0.611	0.267	0.890	0.976	0.687	0.864	0.803	0.731	0.952	0.638	0.999	0.931	0.558	0.008	0.951	0.882	0.998	0.003	0.999	0.998	0.997	1.000	0.002	0.016	0.006	0.999	0.853	0.681	1.000	0.992	0.013	0.009	0.002	0.800	0.004	0.774	0.197	0.548	0.001	0.397	0.998	0.914	0.693	0.885	0.994	1.000	0.009	0.215	0.415	0.008	0.008
DA_MAG_00006	0.975	0.991	0.897	0.950	0.989	0.997	0.979	0.958	0.949	0.999	0.936	0.868	0.982	0.994	0.996	0.993	0.996	1.000	0.992	0.992	0.011	0.999	0.996	0.997	0.001	0.997	0.999	1.000	1.000	0.002	0.011	0.006	0.999	0.565	0.249	0.997	0.946	0.030	0.008	0.004	0.712	0.003	0.865	0.279	0.876	0.001	0.123	0.977	0.341	0.420	0.278	0.958	0.966	0.006	0.006	0.357	0.008	0.008
DA_MAG_00007	0.999	0.999	0.999	1.000	0.970	1.000	0.996	0.999	0.999	0.998	0.999	0.994	0.863	1.000	0.998	0.998	0.999	1.000	0.987	0.999	0.364	0.965	0.986	0.952	0.003	0.942	0.674	0.994	0.877	0.017	0.002	0.003	0.987	0.919	0.938	0.995	0.897	0.006	0.003	0.004	0.991	0.307	0.951	0.998	0.732	0.001	0.094	0.951	0.757	0.182	0.581	0.723	0.770	0.003	0.175	0.107	0.331	0.258
DA_MAG_00008	0.999	0.977	0.809	0.537	0.000	0.001	0.000	0.001	0.000	0.000	0.000	0.000	0.990	0.999	0.415	0.222	0.000	0.001	0.000	0.001	0.000	0.001	0.000	0.000	0.999	0.874	0.782	0.749	0.000	0.788	0.000	0.001	0.001	0.002	0.001	0.074	0.723	0.999	0.895	0.571	0.079	0.000	0.000	0.000	0.000	0.005	0.005	0.001	0.749	0.019	1.000	0.289	0.000	0.000	0.000	0.000	0.023	0.001
DA_MAG_00009	0.998	0.939	0.999	0.999	0.908	1.000	0.999	0.998	0.938	0.938	0.959	0.724	0.812	0.880	1.000	1.000	0.987	0.996	1.000	1.000	0.001	1.000	1.000	0.878	0.006	0.999	1.000	1.000	1.000	0.002	0.010	0.018	0.326	0.050	0.283	0.655	0.077	0.013	0.020	0.004	0.986	0.000	0.000	0.000	0.000	0.001	0.053	0.810	0.852	0.100	0.089	0.431	0.511	0.001	0.306	0.266	0.000	0.000
DA_MAG_00010	0.999	0.999	0.998	0.999	0.960	0.999	0.986	0.998	0.995	0.996	0.995	0.957	0.836	0.997	0.988	0.991	0.998	0.998	0.976	0.998	0.025	0.980	0.975	0.952	0.001	0.994	0.846	0.985	0.993	0.002	0.003	0.004	0.999	0.642	0.909	0.985	0.808	0.005	0.003	0.003	0.997	0.705	0.988	0.997	0.983	0.003	0.148	0.989	0.569	0.724	0.830	0.972	0.988	0.002	0.677	0.410	0.983	0.998
DA_MAG_00011	0.884	0.386	0.940	0.777	0.909	0.934	0.951	0.999	0.484	0.962	0.250	0.370	0.739	0.922	0.913	0.015	0.991	1.000	0.020	0.999	0.006	0.999	0.999	0.999	0.001	0.003	0.001	0.020	0.021	0.014	0.000	0.000	0.003	0.004	0.002	0.004	0.002	0.007	0.001	0.001	0.006	0.001	0.002	0.119	0.008	0.000	0.001	0.002	0.003	0.002	0.005	0.002	0.002	0.004	0.005	1.000	0.004	0.004
DA_MAG_00012	0.665	0.553	0.652	0.841	0.723	0.553	0.380	0.269	0.527	0.855	0.391	0.345	0.166	0.533	0.502	0.747	0.814	0.888	0.425	0.455	0.142	0.338	0.369	0.431	0.001	0.556	0.420	0.212	0.357	0.003	0.000	0.001	0.259	0.003	0.045	0.389	0.098	0.001	0.001	0.001	0.268	0.002	0.346	0.220	0.370	0.001	0.060	0.844	0.016	0.031	0.022	0.213	0.259	0.001	0.022	0.150	0.002	0.002
DA_MAG_00013	0.034	0.000	0.002	0.000	0.258	0.861	0.518	0.445	0.536	0.702	0.775	0.422	0.391	0.649	0.623	0.641	0.650	0.516	0.439	0.611	0.001	0.425	0.392	0.581	0.000	0.730	0.420	0.744	0.879	0.000	0.001	0.000	0.481	0.028	0.256	0.192	0.126	0.001	0.002	0.001	0.330	0.541	0.814	0.863	0.876	0.001	0.058	0.844	0.261	0.050	0.003	0.000	0.001	0.002	0.000	0.000	0.000	0.000
DA_MAG_00014	0.284	0.003	0.006	0.003	0.002	0.003	0.002	0.002	0.288	0.582	0.405	0.917	0.992	0.700	0.868	0.992	0.952	0.678	0.238	0.804	0.181	0.381	0.475	0.977	0.004	0.999	0.973	0.946	0.999	0.002	0.016	0.004	0.087	0.074	0.861	0.998	0.997	0.011	0.006	0.003	0.921	0.998	0.998	0.998	0.998	0.010	0.198	0.949	0.185	0.948	0.214	0.979	0.005	0.002	0.002	0.003	0.003	0.002
DA_MAG_00015	1.000	1.000	1.000	1.000	1.000	1.000	1.000	1.000	1.000	1.000	1.000	1.000	1.000	1.000	1.000	1.000	1.000	1.000	1.000	1.000	0.220	1.000	1.000	1.000	0.012	1.000	0.999	1.000	1.000	0.045	0.036	0.011	1.000	0.971	1.000	1.000	0.992	0.018	0.020	0.006	0.971	0.023	1.000	0.979	1.000	0.020	0.323	0.999	0.999	0.910	0.995	0.974	0.944	0.004	1.000	1.000	1.000	1.000
DA_MAG_00016	0.920	0.914	0.846	0.818	0.275	0.679	0.192	0.617	0.315	0.749	0.511	0.519	0.186	0.290	0.442	0.544	0.918	0.820	0.641	0.264	0.244	0.352	0.377	0.651	0.002	0.236	0.161	0.004	0.004	0.007	0.000	0.000	0.006	0.004	0.001	0.012	0.005	0.003	0.001	0.003	0.076	0.004	0.512	0.222	0.804	0.002	0.014	0.313	0.012	0.074	0.019	0.002	0.003	0.002	0.356	0.152	0.610	0.812
DA_MAG_00017	0.998	0.996	0.997	0.998	0.982	0.967	0.935	0.971	0.997	0.999	0.996	0.930	0.906	0.939	0.979	0.999	1.000	0.999	0.986	0.993	0.005	0.954	0.962	0.999	0.001	0.910	0.765	0.592	0.982	0.000	0.003	0.001	0.697	0.652	0.731	0.883	0.627	0.002	0.001	0.002	0.994	0.220	0.997	1.000	0.999	0.004	0.055	0.784	0.474	0.389	0.410	0.736	0.607	0.001	0.739	0.881	0.987	0.989
DA_MAG_00018	0.176	0.004	0.005	0.001	0.008	0.013	0.090	1.000	0.125	0.416	0.960	0.435	0.854	0.979	0.650	1.000	0.999	0.998	1.000	0.998	0.724	0.990	0.982	0.999	0.028	0.997	0.838	0.467	0.008	0.020	0.000	0.022	0.043	0.500	0.143	0.722	0.010	0.209	0.093	0.058	1.000	0.269	0.135	0.511	1.000	0.049	0.900	1.000	1.000	0.999	1.000	1.000	0.993	0.151	1.000	0.719	0.437	1.000
DA_MAG_00019	0.079	0.021	0.009	0.005	0.003	0.000	0.000	0.001	0.003	0.007	0.015	0.003	0.033	0.056	0.004	0.003	0.001	0.001	0.000	0.001	1.000	0.318	0.010	0.001	0.133	0.973	0.364	0.255	0.011	0.177	0.003	0.018	0.001	0.004	0.003	0.007	0.017	0.091	0.246	0.044	0.039	0.073	0.006	0.005	0.004	0.009	0.032	0.003	0.014	0.012	0.696	0.022	0.004	0.011	0.000	0.004	0.091	0.031
DA_MAG_00020	0.406	0.607	0.366	0.314	0.250	0.367	0.244	0.361	0.167	0.512	0.436	0.438	0.222	0.264	0.593	0.437	0.267	0.784	0.285	0.353	0.119	0.331	0.389	0.852	0.003	0.546	0.178	0.201	0.777	0.025	0.001	0.001	0.583	0.010	0.237	0.303	0.084	0.011	0.006	0.002	0.090	0.003	0.965	0.202	0.982	0.007	0.032	0.568	0.075	0.153	0.265	0.092	0.206	0.001	0.002	0.001	0.003	0.003
DA_MAG_00021	0.171	0.013	0.027	0.097	0.023	0.998	0.043	0.016	0.185	0.074	0.119	0.098	0.509	0.028	0.034	0.149	0.233	0.180	0.059	0.024	0.000	0.050	0.055	0.686	0.000	0.814	0.331	0.027	0.007	0.000	0.010	0.000	0.022	0.171	0.008	0.060	0.218	0.001	0.000	0.000	0.345	0.959	0.119	0.038	0.132	0.000	0.023	0.076	0.000	0.026	0.002	0.001	0.002	0.014	0.002	0.013	0.013	0.004
DA_MAG_00022	0.853	0.951	0.895	0.935	0.589	0.728	0.252	0.597	0.476	0.985	0.825	0.713	0.120	0.686	0.633	0.948	0.864	0.895	0.756	0.391	0.007	0.667	0.643	0.347	0.000	0.630	0.413	0.179	0.819	0.000	0.004	0.000	0.012	0.048	0.159	0.347	0.129	0.006	0.002	0.001	0.022	0.000	0.001	0.002	0.009	0.000	0.044	0.765	0.607	0.057	0.007	0.314	0.336	0.006	0.004	0.005	0.006	0.004
DA_MAG_00023	0.705	0.981	0.747	0.720	0.424	0.694	0.300	0.938	0.241	0.226	0.288	0.470	0.647	0.713	0.407	0.090	0.579	0.708	0.234	0.834	0.347	0.486	0.336	0.252	0.126	0.015	0.005	0.003	0.038	0.001	0.026	0.117	0.035	0.227	0.012	0.023	0.002	0.244	0.002	0.204	0.019	0.003	0.135	0.023	0.074	0.018	0.437	0.028	0.052	0.064	0.532	0.052	0.015	0.006	0.216	0.033	0.026	0.091
DA_MAG_00024	0.853	0.004	0.077	0.002	1.000	1.000	1.000	1.000	1.000	1.000	1.000	1.000	1.000	0.999	1.000	1.000	0.999	1.000	1.000	1.000	0.894	1.000	1.000	1.000	0.078	0.963	1.000	1.000	1.000	0.453	0.894	0.904	0.464	0.090	0.202	0.666	0.336	0.976	0.595	0.807	0.968	0.984	0.922	0.926	0.927	0.038	0.877	1.000	0.999	1.000	1.000	1.000	0.942	0.851	0.001	0.004	0.012	0.004
DA_MAG_00025	0.997	0.702	0.988	0.999	1.000	1.000	0.999	0.999	0.995	1.000	1.000	0.999	1.000	0.999	1.000	1.000	1.000	1.000	0.995	1.000	0.912	1.000	1.000	1.000	0.049	1.000	1.000	0.184	0.002	0.122	0.000	0.006	0.832	0.098	0.970	0.998	0.031	0.100	0.071	0.009	0.015	0.049	0.001	0.001	0.000	0.013	0.493	1.000	0.626	0.995	0.298	0.952	0.994	0.011	0.992	1.000	0.999	0.999
DA_MAG_00026	0.025	0.017	0.006	0.007	0.003	0.004	0.002	0.004	0.006	0.003	0.127	0.004	0.995	0.704	0.005	0.055	0.002	0.006	0.002	0.010	0.015	0.212	0.003	0.003	0.066	0.013	0.039	0.820	0.821	0.681	0.057	0.037	0.002	0.671	0.819	0.868	0.819	0.027	0.051	0.081	0.793	0.005	0.002	0.006	0.002	0.020	0.860	0.867	0.861	0.866	0.992	0.008	0.854	0.023	0.001	0.002	0.006	0.005
DA_MAG_00027	1.000	0.999	1.000	1.000	1.000	1.000	1.000	1.000	1.000	1.000	0.990	0.996	1.000	0.982	0.999	0.999	0.999	1.000	1.000	0.999	0.931	0.995	1.000	1.000	0.009	0.987	0.957	0.975	0.865	0.045	0.002	0.010	0.998	1.000	0.925	0.854	0.837	0.917	0.020	0.388	1.000	0.380	0.903	0.949	0.001	0.002	0.257	0.996	0.991	0.994	0.920	0.980	0.992	0.005	0.997	0.510	0.937	0.997
DA_MAG_00028	0.007	0.003	0.006	0.003	0.002	0.003	0.003	0.002	0.001	0.017	0.002	0.001	0.074	0.030	0.888	0.850	0.932	0.691	0.594	0.997	0.095	0.817	0.997	0.998	0.004	0.061	0.011	0.004	0.003	0.007	0.000	0.000	0.002	0.003	0.001	0.042	0.002	0.260	0.001	0.003	0.827	0.149	0.988	0.966	0.009	0.000	0.078	0.891	0.022	0.148	0.028	0.004	0.004	0.002	0.001	0.003	0.002	0.004
DA_MAG_00029	0.696	0.579	0.900	0.976	0.248	0.998	0.953	0.979	0.461	0.997	0.831	0.933	0.996	0.112	0.907	0.265	0.053	0.179	0.253	0.266	0.104	0.834	0.555	0.967	0.001	0.935	0.038	0.002	0.003	0.001	0.000	0.000	0.070	0.003	0.051	0.708	0.114	0.004	0.001	0.002	0.018	0.009	0.097	0.112	0.002	0.001	0.072	0.770	0.145	0.694	0.011	0.003	0.003	0.001	0.004	0.003	0.003	0.002
DA_MAG_00030	0.227	0.263	0.317	0.419	0.398	0.989	0.415	0.229	0.086	0.511	0.521	0.605	0.462	0.191	0.288	0.496	0.310	0.900	0.282	0.172	0.298	0.559	0.579	0.960	0.002	0.998	0.988	0.948	0.997	0.003	0.005	0.002	0.520	0.734	0.517	0.997	0.871	0.816	0.012	0.006	0.413	0.204	0.791	0.487	0.696	0.002	0.136	0.951	0.476	0.298	0.768	0.884	0.957	0.023	0.137	0.715	0.496	0.838
DA_MAG_00031	1.000	1.000	1.000	1.000	1.000	1.000	1.000	1.000	1.000	1.000	1.000	1.000	1.000	1.000	1.000	1.000	1.000	1.000	1.000	1.000	0.919	1.000	1.000	1.000	0.027	1.000	0.998	1.000	0.011	0.125	0.010	0.035	1.000	1.000	1.000	1.000	1.000	0.043	0.040	0.028	1.000	0.224	0.992	0.997	0.985	0.007	0.803	1.000	1.000	0.999	1.000	1.000	0.999	0.016	1.000	1.000	0.742	0.982
DA_MAG_00032	0.707	0.573	0.624	0.877	0.456	0.565	0.484	0.690	0.816	0.667	0.554	0.468	0.636	0.793	0.857	0.573	0.594	0.538	0.458	0.572	0.153	0.548	0.418	0.439	0.001	0.434	0.165	0.133	0.269	0.004	0.000	0.000	0.302	0.042	0.096	0.338	0.178	0.004	0.001	0.002	0.137	0.002	0.192	0.163	0.076	0.000	0.020	0.445	0.056	0.039	0.023	0.004	0.004	0.006	0.003	0.006	0.003	0.004
DA_MAG_00033	0.791	0.579	0.655	0.838	0.106	0.996	0.386	0.069	0.433	0.942	0.989	0.981	0.981	0.817	0.724	0.997	0.681	0.991	0.580	0.409	0.834	0.293	0.521	0.998	0.006	0.998	0.999	0.988	0.979	0.005	0.002	0.002	0.346	0.004	0.774	0.605	0.987	0.028	0.023	0.002	0.182	0.005	0.998	0.841	0.959	0.009	0.247	0.998	0.070	0.171	0.096	0.086	0.377	0.002	0.038	0.060	0.044	0.344
DA_MAG_00034	1.000	1.000	1.000	1.000	1.000	1.000	1.000	1.000	1.000	1.000	1.000	1.000	0.998	1.000	1.000	1.000	1.000	1.000	1.000	1.000	0.331	1.000	1.000	0.999	0.008	0.998	0.324	0.145	0.014	0.040	0.002	0.026	1.000	1.000	0.999	1.000	0.998	0.030	0.017	0.082	1.000	0.118	1.000	1.000	0.015	0.006	0.653	0.999	0.999	0.998	0.998	0.999	0.999	0.023	1.000	0.998	0.999	0.999
DA_MAG_00035	0.742	0.220	0.545	0.757	0.493	0.390	0.600	0.738	0.605	0.663	0.452	0.434	0.645	0.506	0.840	0.470	0.642	0.827	0.677	0.901	0.376	0.509	0.471	0.444	0.002	0.632	0.616	0.020	0.075	0.007	0.000	0.001	0.946	0.715	0.125	0.612	0.300	0.008	0.002	0.004	0.193	0.120	0.578	0.115	0.010	0.001	0.111	0.958	0.383	0.386	0.207	0.623	0.813	0.011	0.082	0.063	0.130	0.372
DA_MAG_00036	0.838	0.630	0.563	0.628	0.486	0.598	0.723	0.512	0.449	0.940	0.852	0.593	0.981	0.783	0.914	0.600	0.528	0.790	0.477	0.726	0.007	0.576	0.456	0.626	0.000	0.792	0.502	0.844	0.814	0.000	0.001	0.000	0.156	0.004	0.214	0.355	0.247	0.006	0.002	0.002	0.163	0.001	0.002	0.002	0.001	0.000	0.042	0.719	0.033	0.032	0.009	0.246	0.295	0.009	0.335	0.067	0.004	0.004
DA_MAG_00037	0.486	0.004	0.005	0.004	0.004	0.005	0.003	0.021	0.367	0.939	0.227	0.908	0.996	0.088	0.685	0.817	0.829	0.568	0.033	0.022	0.799	0.033	0.007	0.007	0.005	0.975	0.993	0.267	0.992	0.001	0.009	0.000	0.009	0.087	0.005	0.024	0.386	0.011	0.005	0.049	0.025	0.001	0.004	0.002	0.001	0.000	0.013	0.224	0.136	0.450	0.049	0.007	0.006	0.002	0.004	0.007	0.004	0.005
DA_MAG_00038	0.999	0.384	0.921	0.999	0.237	0.999	0.922	0.677	0.628	0.988	0.956	0.992	0.999	0.710	0.996	0.977	0.797	0.999	0.995	0.991	0.023	0.906	0.980	0.813	0.002	1.000	1.000	0.979	1.000	0.002	0.011	0.002	0.993	0.028	0.671	0.914	0.962	0.017	0.008	0.003	0.348	0.005	0.192	0.226	0.006	0.002	0.105	0.894	0.169	0.928	0.031	0.301	0.740	0.002	0.165	0.333	0.013	0.013
DA_MAG_00039	0.037	0.018	0.078	0.008	0.004	0.008	0.153	0.008	0.011	0.010	0.025	0.011	0.852	1.000	1.000	1.000	1.000	1.000	1.000	1.000	0.630	0.106	0.015	0.010	0.066	0.854	0.896	0.025	0.012	0.074	0.002	0.042	0.010	0.014	0.004	0.605	0.017	0.141	0.040	0.023	0.671	0.961	0.994	0.998	0.938	0.019	0.845	1.000	1.000	1.000	0.802	0.887	0.171	0.016	0.004	0.013	0.015	0.012
DA_MAG_00040	0.521	0.258	0.177	0.554	0.142	0.994	0.679	0.135	0.296	0.252	0.856	0.852	0.996	0.175	0.381	0.567	0.375	0.472	0.050	0.207	0.523	0.100	0.303	0.865	0.004	0.416	0.994	0.794	0.974	0.006	0.004	0.002	0.999	0.238	0.687	0.999	0.999	0.011	0.005	0.002	0.127	0.004	0.991	0.259	0.118	0.001	0.488	0.998	0.034	0.979	0.610	0.746	0.996	0.015	0.245	0.996	0.589	0.975
DA_MAG_00041	1.000	1.000	1.000	1.000	1.000	1.000	1.000	1.000	1.000	1.000	1.000	1.000	1.000	1.000	1.000	1.000	1.000	0.999	1.000	1.000	0.944	1.000	1.000	1.000	0.188	0.999	0.249	0.515	0.028	0.615	0.001	0.194	1.000	1.000	1.000	1.000	1.000	0.212	0.185	0.072	0.997	0.088	0.810	0.996	0.863	0.043	0.700	0.971	1.000	1.000	1.000	1.000	1.000	0.053	0.981	0.999	0.999	1.000
DA_MAG_00042	0.076	0.028	0.012	0.007	0.004	0.000	0.000	0.001	0.004	0.002	0.007	0.001	0.942	0.676	0.007	0.081	0.002	0.001	0.001	0.000	1.000	0.005	0.002	0.001	0.114	0.021	0.114	0.292	0.004	0.031	0.000	0.009	0.000	0.007	0.000	0.005	0.014	0.060	0.081	0.086	0.033	0.080	0.004	0.002	0.000	0.004	0.025	0.000	0.014	0.006	0.299	0.008	0.001	0.016	0.000	0.002	0.949	0.948
DA_MAG_00043	0.993	0.599	0.975	0.955	0.629	0.933	0.972	0.349	0.993	0.806	0.998	0.963	0.996	0.929	0.986	0.877	0.995	1.000	0.893	0.999	0.013	0.999	0.997	1.000	0.011	0.999	0.991	0.535	0.999	0.037	0.012	0.005	0.439	0.004	0.460	0.968	0.645	0.011	0.005	0.002	0.080	0.002	0.001	0.001	0.000	0.005	0.545	0.999	0.369	1.000	0.075	0.519	0.002	0.004	0.001	0.002	0.003	0.003
DA_MAG_00044	0.551	0.995	0.992	0.995	0.993	0.983	0.268	0.679	0.257	0.958	0.186	0.996	0.390	0.883	0.806	0.949	0.335	0.503	0.708	0.098	0.060	0.519	0.980	0.648	0.010	0.457	0.997	0.995	0.994	0.005	0.047	0.003	0.854	0.012	0.339	0.996	0.996	0.024	0.014	0.008	0.432	0.006	0.102	0.029	0.007	0.001	0.064	0.723	0.066	0.355	0.086	0.070	0.016	0.004	0.319	0.079	0.099	0.926
DA_MAG_00045	0.375	0.220	0.163	0.282	0.202	0.640	0.267	0.226	0.229	0.473	0.620	0.308	0.409	0.345	0.684	0.448	0.410	0.722	0.114	0.494	0.005	0.330	0.270	0.521	0.000	0.973	0.495	0.436	0.901	0.001	0.001	0.000	0.970	0.013	0.325	0.842	0.342	0.003	0.001	0.001	0.613	0.404	0.949	0.547	0.618	0.001	0.041	0.619	0.418	0.235	0.376	0.508	0.587	0.002	0.182	0.215	0.001	0.001
DA_MAG_00046	0.648	0.650	0.526	0.598	0.418	0.647	0.537	0.417	0.597	0.618	0.625	0.183	0.174	0.379	0.309	0.295	0.539	0.422	0.315	0.381	0.008	0.426	0.470	0.295	0.000	0.202	0.728	0.997	0.300	0.001	0.000	0.002	0.998	0.740	0.241	0.479	0.233	0.009	0.003	0.005	0.664	0.007	0.216	0.489	0.931	0.002	0.032	0.663	0.133	0.222	0.725	0.613	0.527	0.007	0.171	0.994	0.274	0.169
DA_MAG_00047	0.038	0.015	0.008	0.005	0.003	0.003	0.001	0.005	0.006	0.004	0.021	0.002	0.976	0.184	0.005	0.078	0.003	0.005	0.002	0.003	1.000	0.054	0.006	0.003	0.052	0.943	0.095	0.147	0.004	0.081	0.000	0.006	0.002	0.006	0.001	0.010	0.010	0.029	0.060	0.021	0.020	0.040	0.003	0.003	0.002	0.015	0.033	0.003	0.008	0.019	0.551	0.017	0.005	0.013	0.002	0.004	0.043	0.014
DA_MAG_00048	0.372	0.565	0.350	0.374	0.282	0.359	0.304	0.420	0.355	0.305	0.678	0.354	0.134	0.261	0.514	0.222	0.275	0.562	0.494	0.273	0.050	0.341	0.314	0.156	0.000	0.152	0.279	0.373	0.121	0.003	0.000	0.000	0.746	0.474	0.464	0.630	0.176	0.056	0.004	0.002	0.532	0.063	0.283	0.261	0.139	0.000	0.013	0.325	0.068	0.043	0.457	0.371	0.206	0.001	0.095	0.065	0.198	0.312
DA_MAG_00049	0.998	0.970	0.974	0.996	0.947	0.994	0.928	0.975	0.994	0.998	0.987	0.998	0.990	0.986	0.994	0.998	0.998	0.998	0.993	0.961	0.662	0.946	0.972	0.988	0.006	0.944	0.996	0.979	0.969	0.051	0.002	0.004	0.997	0.779	0.997	0.999	0.993	0.006	0.005	0.001	0.851	0.002	0.960	0.935	0.988	0.010	0.210	0.993	0.431	0.298	0.791	0.804	0.854	0.002	0.027	0.202	0.215	0.320
DA_MAG_00050	0.037	0.015	0.008	0.004	0.003	0.001	0.001	0.002	0.002	0.002	0.001	0.001	0.128	0.047	0.004	0.006	0.001	0.001	0.001	0.001	1.000	0.012	0.003	0.001	0.028	0.151	0.080	0.291	0.006	0.024	0.004	0.001	0.000	0.002	0.008	0.001	0.008	0.036	0.061	0.011	0.045	0.099	0.020	0.019	0.019	0.003	0.016	0.000	0.006	0.002	0.152	0.003	0.002	0.020	0.003	0.031	0.085	0.037
DA_MAG_00051	0.247	0.038	0.056	0.248	0.041	0.990	0.061	0.066	0.143	0.124	0.342	0.575	0.935	0.108	0.187	0.513	0.320	0.886	0.155	0.164	0.989	0.102	0.181	0.998	0.014	0.843	0.368	0.020	0.966	0.006	0.003	0.002	0.143	0.011	0.012	0.100	0.723	0.011	0.007	0.003	0.431	0.171	0.866	0.563	0.389	0.002	0.101	0.831	0.060	0.979	0.413	0.047	0.048	0.004	0.109	0.322	0.155	0.994
DA_MAG_00052	0.953	0.008	0.048	0.011	0.996	1.000	0.999	0.999	0.984	0.995	1.000	0.997	1.000	0.999	0.999	1.000	0.998	1.000	1.000	1.000	0.282	0.998	0.999	0.996	0.010	0.988	0.610	0.999	0.001	0.005	0.000	0.017	0.999	1.000	0.996	0.999	0.984	0.038	0.013	0.004	0.981	0.008	0.019	0.089	0.978	0.019	0.175	0.980	0.983	0.905	0.999	0.976	0.924	0.071	1.000	1.000	1.000	1.000
DA_MAG_00053	1.000	0.967	0.780	1.000	0.993	1.000	1.000	0.972	0.999	0.821	1.000	1.000	0.770	0.992	0.999	0.774	1.000	0.999	0.999	0.981	0.967	0.995	0.994	0.999	0.007	1.000	0.550	0.794	1.000	0.009	0.020	0.002	0.014	0.011	0.163	0.762	0.096	0.929	0.044	0.010	0.118	0.008	0.004	0.955	0.956	0.002	0.438	1.000	0.689	0.067	0.151	0.223	0.182	0.004	0.005	0.008	0.010	0.006
DA_MAG_00054	0.155	0.003	0.004	0.006	0.288	0.999	0.791	0.082	0.100	0.037	0.136	0.190	0.943	0.069	0.206	0.375	0.108	0.116	0.731	0.054	0.952	0.009	0.007	0.008	0.007	0.668	0.689	0.009	0.008	0.003	0.000	0.009	0.036	0.007	0.003	0.028	0.007	0.007	0.009	0.003	0.004	0.005	0.004	0.005	0.003	0.004	0.066	0.552	0.628	0.994	0.768	0.999	0.999	0.019	0.006	0.009	0.010	0.009
DA_MAG_00055	0.833	0.988	0.961	0.982	0.306	0.176	0.169	0.937	0.958	0.991	0.892	0.702	0.420	0.935	0.731	0.950	0.986	0.987	0.726	0.784	0.027	0.428	0.402	0.326	0.001	0.786	0.765	0.903	0.972	0.067	0.490	0.003	0.999	0.809	0.595	0.645	0.449	0.959	0.076	0.938	0.429	0.017	0.449	0.559	0.825	0.002	0.076	0.872	0.243	0.082	0.474	0.836	0.677	0.964	0.857	0.853	0.983	0.830
DA_MAG_00056	0.680	0.098	0.570	0.837	0.234	0.915	0.600	0.775	0.785	0.588	0.985	0.439	0.998	0.520	0.944	0.813	0.706	0.889	0.142	0.921	0.960	0.016	0.006	0.002	0.020	0.619	0.496	0.532	0.959	0.008	0.008	0.002	0.054	0.008	0.000	0.001	0.002	0.008	0.017	0.004	0.065	0.005	0.000	0.000	0.000	0.004	0.005	0.000	0.001	0.003	0.102	0.002	0.001	0.003	0.000	0.001	0.005	0.001
DA_MAG_00057	0.990	0.808	0.846	0.974	0.388	0.991	0.989	0.984	0.996	0.966	0.997	0.997	0.999	0.994	0.994	0.998	0.997	0.997	0.997	0.988	0.073	0.753	0.996	0.997	0.008	0.998	0.994	0.996	0.997	0.004	0.897	0.894	0.997	0.934	0.779	0.997	0.988	0.018	0.012	0.004	0.939	0.916	0.921	0.448	0.438	0.005	0.947	0.997	0.997	0.997	0.932	0.997	0.985	0.040	0.969	0.992	0.997	0.997
DA_MAG_00058	0.008	0.004	0.001	0.002	0.001	0.001	0.001	0.001	0.002	0.001	0.006	0.000	0.959	0.061	0.001	0.028	0.001	0.001	0.001	0.001	1.000	0.004	0.002	0.000	0.026	0.930	0.021	0.173	0.002	0.014	0.000	0.005	0.000	0.001	0.000	0.001	0.001	0.007	0.011	0.006	0.016	0.054	0.001	0.001	0.000	0.003	0.010	0.000	0.001	0.003	0.076	0.001	0.000	0.003	0.001	0.001	0.025	0.003
DA_MAG_00059	0.666	0.679	0.610	0.701	0.975	0.578	0.693	0.733	0.327	0.696	0.851	0.420	0.290	0.594	0.469	0.346	0.710	0.850	0.494	0.808	0.002	0.860	0.854	0.757	0.001	0.302	0.974	0.999	0.997	0.001	0.002	0.007	0.479	0.696	0.763	1.000	0.999	0.001	0.004	0.001	0.766	0.000	0.000	0.000	0.000	0.000	0.038	0.227	0.288	0.010	0.111	0.078	0.045	0.000	0.136	0.983	0.999	0.999
DA_MAG_00060	0.002	0.002	0.011	0.002	0.000	0.002	0.002	0.002	0.001	0.013	0.004	0.001	0.033	0.812	0.917	0.736	0.828	0.810	0.607	0.697	0.131	0.729	0.749	0.938	0.001	0.352	0.704	0.872	0.793	0.001	0.001	0.002	0.259	0.049	0.196	0.663	0.478	0.004	0.002	0.002	0.461	0.001	0.408	0.174	0.995	0.004	0.025	0.474	0.100	0.037	0.266	0.331	0.177	0.005	0.001	0.001	0.001	0.000
DA_MAG_00061	0.893	0.922	0.831	0.985	0.606	0.930	0.815	0.822	0.956	0.984	0.914	0.976	0.794	0.956	0.864	0.983	0.973	0.995	0.927	0.679	0.207	0.857	0.916	0.950	0.001	0.902	0.999	0.998	0.929	0.003	0.002	0.003	0.979	0.624	0.546	0.922	0.791	0.004	0.002	0.002	0.711	0.002	0.541	0.496	0.447	0.001	0.179	0.996	0.446	0.226	0.134	0.772	0.853	0.006	0.724	0.470	0.755	0.994
DA_MAG_00062	0.672	0.102	0.415	0.999	0.658	0.988	0.935	0.989	0.863	0.899	0.999	0.995	0.996	0.504	0.997	0.268	0.959	0.933	0.740	0.850	0.975	0.945	0.989	0.986	0.008	0.999	0.847	0.024	0.006	0.012	0.001	0.006	0.885	0.021	0.083	0.073	0.542	0.158	0.014	0.018	0.342	0.769	0.614	0.926	0.002	0.002	0.068	0.848	0.024	0.360	0.222	0.998	0.881	0.005	0.399	0.227	0.141	0.055
DA_MAG_00063	1.000	1.000	1.000	1.000	1.000	1.000	1.000	1.000	1.000	1.000	1.000	1.000	1.000	1.000	1.000	1.000	1.000	1.000	1.000	1.000	0.017	1.000	1.000	1.000	0.028	1.000	1.000	1.000	0.003	0.293	0.000	0.060	0.025	0.309	1.000	1.000	0.996	0.042	0.059	0.013	0.997	0.002	0.002	0.011	0.003	0.014	0.915	1.000	1.000	0.010	0.940	0.010	0.001	0.003	0.989	0.979	0.007	0.009
DA_MAG_00064	0.369	0.402	0.326	0.580	0.228	0.979	0.176	0.099	0.213	0.204	0.075	0.782	0.703	0.084	0.181	0.191	0.181	0.431	0.312	0.042	0.509	0.400	0.304	0.917	0.005	0.925	0.716	0.032	0.485	0.003	0.007	0.000	0.826	0.787	0.028	0.147	0.350	0.860	0.100	0.859	0.345	0.843	0.413	0.110	0.017	0.001	0.032	0.243	0.790	0.991	0.914	0.654	0.486	0.015	0.164	0.580	0.638	0.752
DA_MAG_00065	0.054	0.007	0.014	0.006	0.005	0.007	0.010	0.759	0.838	0.908	0.943	0.739	0.476	0.977	0.966	0.968	0.959	0.992	0.952	0.984	0.003	0.909	0.903	0.872	0.005	0.796	0.480	0.998	0.922	0.005	0.005	0.007	0.935	0.652	0.825	0.974	0.620	0.955	0.243	0.446	0.495	0.002	0.040	0.035	0.440	0.004	0.053	0.720	0.105	0.122	0.032	0.183	0.380	0.007	0.381	0.236	0.463	0.478
DA_MAG_00066	0.363	0.152	0.180	0.308	0.029	0.340	0.153	0.106	0.242	0.162	0.565	0.506	0.894	0.152	0.449	0.228	0.385	0.511	0.236	0.217	0.420	0.171	0.243	0.809	0.003	0.503	0.905	0.134	0.866	0.008	0.002	0.002	0.779	0.140	0.212	0.881	0.748	0.013	0.003	0.013	0.139	0.054	0.313	0.083	0.066	0.001	0.072	0.684	0.155	0.649	0.257	0.798	0.552	0.004	0.093	0.374	0.177	0.563
DA_MAG_00067	0.425	0.005	0.004	0.004	0.003	0.005	0.005	0.004	0.139	0.817	0.864	0.940	0.992	0.965	0.364	0.146	0.542	0.619	0.659	0.130	0.973	0.076	0.044	0.204	0.003	0.991	0.016	0.205	0.004	0.010	0.000	0.000	0.529	0.048	0.002	0.010	0.004	0.008	0.011	0.008	0.026	0.047	0.027	0.040	0.057	0.001	0.008	0.173	0.016	0.052	0.099	0.004	0.002	0.004	0.002	0.007	0.012	0.006
DA_MAG_00068	0.548	0.007	0.016	0.010	0.086	0.176	0.205	0.750	0.877	0.842	0.602	0.283	0.998	0.927	0.991	0.930	0.979	0.930	0.981	0.997	0.013	0.943	0.985	0.680	0.001	0.920	0.997	0.998	0.986	0.001	0.004	0.009	0.716	0.074	0.061	0.536	0.563	0.011	0.011	0.008	0.954	0.023	0.123	0.795	0.103	0.000	0.021	0.472	0.062	0.362	0.031	0.768	0.686	0.005	0.007	0.029	0.007	0.008
DA_MAG_00069	0.013	0.005	0.001	0.001	0.001	0.000	0.000	0.000	0.001	0.000	0.000	0.000	0.008	0.008	0.001	0.001	0.000	0.000	0.000	0.000	0.999	0.001	0.003	0.000	0.009	0.996	0.501	0.072	0.001	0.002	0.000	0.000	0.000	0.000	0.000	0.000	0.007	0.029	0.015	0.004	0.006	0.023	0.001	0.000	0.000	0.001	0.004	0.000	0.003	0.002	0.112	0.001	0.000	0.001	0.000	0.001	0.020	0.005
DA_MAG_00070	0.989	0.982	0.981	0.998	0.997	0.990	0.928	0.994	0.982	0.999	0.804	0.996	0.992	0.758	0.999	0.730	0.871	0.999	0.998	0.993	0.927	0.999	0.999	0.999	0.010	0.998	0.999	0.978	0.996	0.039	0.006	0.011	0.999	0.514	0.841	0.986	0.873	0.011	0.009	0.010	0.998	0.289	0.998	0.997	0.831	0.009	0.577	0.999	0.517	0.990	0.872	0.999	0.996	0.004	0.951	0.999	0.999	0.999
DA_MAG_00071	0.001	0.001	0.001	0.001	0.527	0.909	0.466	0.008	0.003	0.085	0.004	0.006	0.004	0.021	0.041	0.024	0.037	0.077	0.026	0.033	0.010	0.998	0.997	0.996	0.001	0.013	0.008	0.011	0.012	0.000	0.000	0.000	0.013	0.005	0.020	0.033	0.011	0.011	0.008	0.009	0.107	0.009	0.908	0.610	0.879	0.002	0.029	0.547	0.025	0.004	0.006	0.012	0.806	0.002	0.001	0.005	0.003	0.001
DA_MAG_00072	0.862	0.599	0.631	0.997	0.563	1.000	0.997	0.979	0.983	0.999	0.999	0.999	1.000	0.985	0.999	0.999	0.967	1.000	0.977	0.999	0.562	0.998	0.999	1.000	0.016	1.000	1.000	0.075	0.051	0.047	0.000	0.007	0.123	0.462	0.231	0.378	0.999	0.023	0.007	0.004	0.087	0.030	0.999	0.997	0.029	0.004	0.589	1.000	0.744	0.999	0.257	0.977	0.961	0.015	0.269	0.063	0.045	0.180
DA_MAG_00073	0.011	0.019	0.010	0.019	0.011	0.018	0.046	0.012	0.012	0.128	0.918	0.369	0.398	0.341	0.173	0.769	0.048	0.899	0.826	0.055	0.878	0.021	0.970	0.650	0.003	0.124	0.010	0.030	0.004	0.124	0.002	0.000	0.000	0.007	0.000	0.002	0.024	0.012	0.004	0.001	0.005	0.005	0.000	0.058	0.017	0.001	0.004	0.003	0.058	0.074	0.810	0.015	0.006	0.006	0.007	0.013	0.007	0.002
DA_MAG_00074	0.978	0.869	0.832	0.999	0.383	1.000	0.848	0.565	0.765	0.999	0.998	0.999	0.999	0.999	0.984	1.000	0.960	1.000	0.957	0.992	0.400	0.865	0.998	1.000	0.006	1.000	0.998	0.847	1.000	0.008	0.044	0.005	0.713	0.085	0.976	0.999	0.999	0.037	0.017	0.002	0.394	0.009	0.999	0.984	0.994	0.009	0.713	1.000	0.805	0.881	0.241	0.851	0.773	0.005	0.051	0.184	0.249	0.910
DA_MAG_00075	0.975	0.527	0.783	1.000	0.877	1.000	0.999	0.954	0.969	0.996	0.988	0.998	0.989	1.000	0.984	1.000	0.987	1.000	0.929	1.000	0.380	0.992	0.998	0.999	0.002	1.000	0.841	0.999	1.000	0.006	0.020	0.004	0.999	0.250	1.000	1.000	0.988	0.024	0.007	0.001	0.974	0.024	1.000	1.000	1.000	0.009	0.422	0.999	0.378	0.530	0.229	0.727	0.974	0.005	0.013	0.061	0.267	0.990
DA_MAG_00076	0.019	0.011	0.001	0.002	0.003	0.001	0.001	0.002	0.003	0.003	0.012	0.000	0.987	0.138	0.003	0.065	0.001	0.002	0.004	0.003	1.000	0.023	0.006	0.001	0.028	0.958	0.100	0.392	0.010	0.035	0.001	0.008	0.000	0.005	0.034	0.003	0.005	0.013	0.062	0.016	0.042	0.113	0.003	0.001	0.001	0.006	0.024	0.001	0.004	0.010	0.219	0.009	0.001	0.005	0.001	0.002	0.067	0.013
DA_MAG_00077	0.191	0.010	0.018	0.010	0.006	0.013	0.011	0.993	0.993	0.947	0.979	0.917	0.895	0.982	0.962	0.936	0.998	0.988	0.924	0.990	0.109	0.968	0.973	0.953	0.001	0.837	0.657	0.717	0.475	0.003	0.000	0.001	0.333	0.136	0.163	0.563	0.306	0.011	0.002	0.003	0.121	0.004	0.232	0.644	0.604	0.001	0.036	0.716	0.381	0.190	0.040	0.238	0.236	0.001	0.118	0.068	0.156	0.157
DA_MAG_00078	0.041	0.017	0.005	0.003	0.002	0.000	0.000	0.001	0.002	0.001	0.002	0.000	0.633	0.086	0.002	0.013	0.000	0.000	0.000	0.000	1.000	0.045	0.001	0.000	0.050	0.497	0.064	0.190	0.001	0.027	0.000	0.003	0.000	0.001	0.000	0.001	0.006	0.041	0.045	0.009	0.010	0.028	0.000	0.001	0.000	0.006	0.017	0.000	0.008	0.004	0.907	0.005	0.001	0.006	0.003	0.004	0.019	0.007
DA_MAG_00079	0.017	0.006	0.006	0.005	0.004	0.010	0.004	0.004	0.005	0.006	0.009	0.007	0.200	0.022	0.007	0.010	0.007	0.011	0.006	0.006	0.999	0.013	0.008	0.013	0.016	0.321	0.024	0.026	0.009	0.009	0.000	0.001	0.007	0.004	0.004	0.008	0.009	0.019	0.017	0.010	0.012	0.013	0.011	0.009	0.007	0.003	0.010	0.007	0.006	0.009	0.085	0.006	0.006	0.006	0.003	0.011	0.011	0.014
DA_MAG_00080	1.000	0.999	0.997	1.000	0.857	1.000	0.999	1.000	1.000	0.995	1.000	1.000	1.000	0.997	0.999	1.000	1.000	1.000	1.000	0.889	0.792	0.957	1.000	1.000	0.055	1.000	1.000	1.000	1.000	0.018	0.323	0.120	1.000	1.000	0.879	1.000	1.000	0.111	0.138	0.043	0.995	0.999	0.895	0.993	1.000	0.024	0.950	1.000	1.000	1.000	1.000	1.000	1.000	0.305	1.000	1.000	1.000	1.000
DA_MAG_00081	0.525	0.090	0.161	0.198	0.080	0.275	0.090	0.390	0.141	0.241	0.091	0.202	0.905	0.075	0.360	0.384	0.142	0.544	0.731	0.102	0.282	0.622	0.657	0.923	0.002	0.846	0.579	0.076	0.405	0.001	0.001	0.001	0.158	0.946	0.015	0.108	0.112	0.906	0.902	0.549	0.043	0.347	0.029	0.017	0.008	0.000	0.030	0.433	0.357	0.970	0.911	0.550	0.216	0.017	0.097	0.871	0.726	0.730
DA_MAG_00082	0.994	0.994	0.996	0.999	0.957	0.988	0.993	0.997	0.998	0.996	0.997	0.997	0.991	0.998	0.999	0.998	0.999	0.998	0.996	0.998	0.663	0.997	0.990	0.991	0.006	0.949	0.888	0.985	0.973	0.012	0.002	0.004	0.992	0.525	0.897	0.976	0.933	0.009	0.004	0.009	0.999	0.225	0.994	0.996	0.861	0.002	0.223	0.994	0.769	0.823	0.252	0.971	0.945	0.005	0.335	0.933	0.994	0.991
DA_MAG_00083	0.156	0.117	0.075	0.086	0.016	0.581	0.259	0.044	0.049	0.278	0.383	0.438	0.400	0.079	0.225	0.349	0.190	0.910	0.118	0.256	0.047	0.096	0.317	0.933	0.001	0.539	0.995	0.052	0.845	0.001	0.001	0.000	0.046	0.007	0.093	0.263	0.095	0.004	0.001	0.003	0.035	0.001	0.033	0.092	0.016	0.000	0.029	0.587	0.011	0.027	0.013	0.007	0.008	0.001	0.003	0.063	0.010	0.011
DA_MAG_00084	0.999	0.631	0.806	0.909	1.000	0.982	0.998	1.000	1.000	1.000	0.999	0.998	1.000	0.974	1.000	1.000	1.000	0.410	0.316	1.000	0.048	1.000	1.000	0.350	0.006	0.920	1.000	1.000	0.000	0.024	0.000	0.011	0.005	0.572	0.997	0.001	0.757	0.006	0.019	0.015	0.986	0.000	0.000	0.000	0.000	0.000	0.001	0.000	0.002	0.000	0.091	0.002	0.000	0.001	1.000	0.998	0.023	0.003
DA_MAG_00085	0.976	0.885	0.968	0.970	0.845	0.982	0.976	0.956	0.813	0.844	0.792	0.572	0.885	0.855	0.937	0.860	0.743	0.892	0.866	0.946	0.617	0.842	0.796	0.481	0.004	0.764	0.622	0.011	0.258	0.032	0.000	0.001	0.585	0.254	0.218	0.590	0.668	0.007	0.003	0.004	0.806	0.023	0.961	0.984	0.002	0.001	0.010	0.259	0.317	0.135	0.498	0.461	0.575	0.006	0.398	0.033	0.072	0.410
DA_MAG_00086	0.882	0.958	0.956	0.949	0.834	0.874	0.784	0.957	0.991	0.995	0.995	0.991	0.851	0.993	0.982	0.991	0.997	0.998	0.988	0.988	0.007	0.996	0.995	0.610	0.003	0.778	0.937	0.991	0.997	0.003	0.005	0.009	0.998	0.997	0.978	0.998	0.204	0.932	0.793	0.808	0.998	0.011	0.951	0.995	0.841	0.002	0.214	0.994	0.615	0.812	0.996	0.995	0.993	0.797	0.932	0.996	0.993	0.573
DA_MAG_00087	0.002	0.002	0.000	0.000	0.001	0.000	0.000	0.000	0.002	0.001	0.000	0.001	0.901	0.141	0.000	0.023	0.000	0.000	0.000	0.000	1.000	0.006	0.001	0.000	0.008	0.346	0.010	0.005	0.000	0.031	0.000	0.003	0.000	0.000	0.000	0.000	0.000	0.002	0.006	0.008	0.000	0.001	0.000	0.000	0.000	0.003	0.003	0.000	0.001	0.001	0.081	0.002	0.000	0.002	0.000	0.000	0.001	0.000
DA_MAG_00088	0.536	0.137	0.258	0.387	0.227	0.604	0.209	0.587	0.168	0.311	0.141	0.191	0.979	0.172	0.498	0.568	0.238	0.762	0.566	0.305	0.549	0.859	0.522	0.879	0.005	0.718	0.249	0.458	0.650	0.005	0.001	0.003	0.279	0.962	0.030	0.715	0.513	0.012	0.004	0.005	0.063	0.006	0.004	0.002	0.001	0.001	0.064	0.544	0.827	0.999	0.743	0.974	0.980	0.033	0.018	0.082	0.175	0.220
DA_MAG_00089	0.012	0.005	0.002	0.002	0.000	0.000	0.000	0.001	0.001	0.096	0.003	0.000	0.376	0.072	0.001	0.019	0.000	0.000	0.577	0.902	0.988	0.987	0.314	0.227	0.019	0.565	0.016	0.208	0.002	0.108	0.000	0.001	0.000	0.000	0.001	0.003	0.004	0.014	0.013	0.007	0.007	0.017	0.000	0.000	0.000	0.004	0.007	0.000	0.002	0.004	0.078	0.001	0.000	0.001	0.000	0.001	0.015	0.003
DA_MAG_00090	0.526	0.492	0.391	0.463	0.259	0.235	0.187	0.162	0.278	0.681	0.281	0.268	0.140	0.302	0.301	0.508	0.412	0.393	0.220	0.332	0.002	0.168	0.206	0.247	0.000	0.072	0.159	0.140	0.147	0.001	0.000	0.000	0.113	0.075	0.137	0.330	0.148	0.003	0.001	0.002	0.151	0.001	0.201	0.305	0.071	0.000	0.004	0.105	0.015	0.107	0.016	0.183	0.087	0.000	0.111	0.251	0.519	0.519
DA_MAG_00091	0.029	0.007	0.004	0.002	0.003	0.001	0.000	0.001	0.002	0.001	0.003	0.001	0.625	0.050	0.002	0.008	0.001	0.001	0.000	0.001	1.000	0.014	0.002	0.001	0.036	0.475	0.050	0.089	0.001	0.022	0.000	0.002	0.000	0.001	0.000	0.002	0.005	0.030	0.036	0.007	0.010	0.034	0.001	0.000	0.000	0.005	0.016	0.001	0.004	0.003	0.258	0.004	0.001	0.002	0.000	0.001	0.027	0.011
DA_MAG_00092	0.340	0.191	0.501	0.867	0.389	0.735	0.483	0.264	0.880	0.787	0.571	0.414	0.473	0.939	0.956	0.759	0.916	0.737	0.170	0.510	0.854	0.998	0.998	0.938	0.007	0.422	0.169	0.718	0.007	0.023	0.000	0.005	0.996	0.031	0.081	0.970	0.963	0.913	0.179	0.523	0.297	0.002	0.287	0.925	0.923	0.004	0.111	0.945	0.066	0.029	0.869	0.997	0.868	0.005	0.003	0.620	0.008	0.007
DA_MAG_00093	1.000	1.000	1.000	1.000	0.999	1.000	0.996	1.000	1.000	1.000	1.000	0.999	0.998	1.000	1.000	1.000	1.000	1.000	1.000	1.000	0.969	1.000	1.000	1.000	0.017	0.999	0.994	0.994	1.000	0.126	0.018	0.029	0.999	0.998	0.998	1.000	0.995	0.029	0.031	0.032	0.996	0.074	0.998	0.985	0.976	0.012	0.575	0.999	0.996	0.992	0.999	0.998	0.995	0.012	0.999	1.000	0.982	0.991
DA_MAG_00094	0.009	0.005	0.002	0.001	0.002	0.001	0.000	0.001	0.001	0.001	0.001	0.001	0.050	0.015	0.002	0.005	0.001	0.001	0.001	0.001	0.999	0.006	0.001	0.001	0.008	0.081	0.021	0.062	0.001	0.009	0.002	0.001	0.000	0.002	0.003	0.003	0.006	0.012	0.013	0.005	0.009	0.012	0.003	0.002	0.003	0.001	0.006	0.002	0.003	0.002	0.050	0.002	0.024	0.012	0.001	0.001	0.005	0.001
DA_MAG_00095	0.993	0.996	0.990	0.999	0.977	0.998	0.996	0.002	0.001	0.001	0.001	0.000	0.010	0.166	0.137	0.001	0.001	0.001	0.001	0.001	0.036	0.001	0.001	0.001	0.000	0.005	0.002	0.001	0.001	0.000	0.000	0.000	0.001	0.001	0.000	0.001	0.001	0.001	0.000	0.000	0.001	0.001	0.021	0.001	0.007	0.000	0.001	0.000	0.001	0.001	0.006	0.000	0.121	0.001	0.001	0.001	0.001	0.001
DA_MAG_00096	0.976	0.988	0.988	0.991	0.982	0.992	0.984	0.989	0.993	0.988	0.987	0.893	0.845	0.995	0.990	0.960	0.993	0.986	0.943	0.991	0.654	0.988	0.967	0.942	0.002	0.982	0.714	0.993	0.811	0.011	0.001	0.003	0.996	0.993	0.850	0.981	0.824	0.008	0.005	0.005	0.993	0.140	0.979	0.997	0.846	0.002	0.116	0.965	0.925	0.745	0.983	0.954	0.949	0.005	0.907	0.750	0.941	0.863
DA_MAG_00097	0.016	0.006	0.002	0.002	0.001	0.000	0.000	0.000	0.002	0.001	0.002	0.000	0.743	0.045	0.001	0.032	0.001	0.000	0.000	0.001	0.999	0.014	0.001	0.000	0.019	0.328	0.025	0.062	0.000	0.029	0.000	0.002	0.000	0.000	0.001	0.000	0.005	0.018	0.014	0.007	0.005	0.007	0.000	0.000	0.000	0.002	0.005	0.000	0.005	0.002	0.169	0.002	0.000	0.001	0.000	0.001	0.006	0.001
DA_MAG_00098	0.997	0.998	0.997	0.998	0.977	0.999	0.995	0.996	0.998	0.992	0.998	0.989	0.982	0.996	0.995	0.990	0.998	0.998	0.995	0.998	0.088	0.994	0.997	0.993	0.002	0.998	0.984	0.999	0.996	0.006	0.014	0.009	0.998	0.998	0.988	0.998	0.990	0.904	0.466	0.687	0.979	0.510	0.981	0.995	0.995	0.010	0.203	0.988	0.982	0.767	0.983	0.979	0.989	0.004	0.716	0.869	0.971	0.953
DA_MAG_00099	1.000	1.000	1.000	1.000	1.000	1.000	1.000	0.999	1.000	1.000	0.999	0.997	1.000	0.999	1.000	1.000	1.000	1.000	1.000	1.000	0.841	0.998	0.999	0.999	0.031	1.000	0.028	1.000	1.000	0.101	0.018	0.013	0.537	0.320	0.987	1.000	0.987	0.041	0.022	0.040	1.000	0.470	1.000	1.000	0.999	0.024	0.578	1.000	0.860	1.000	0.985	0.997	0.996	0.013	0.843	0.969	0.999	0.999
DA_MAG_00100	0.976	0.994	0.993	0.995	0.998	0.999	0.995	1.000	0.999	1.000	0.999	0.998	0.997	0.999	1.000	1.000	1.000	1.000	1.000	1.000	0.005	1.000	0.999	0.997	0.001	0.995	0.974	0.999	0.581	0.004	0.044	0.006	1.000	0.999	0.994	0.997	0.995	0.726	0.040	0.023	0.701	0.000	0.003	0.001	0.003	0.000	0.088	0.884	0.880	0.542	0.310	0.487	0.851	0.045	0.999	0.998	1.000	0.999
DA_MAG_00101	0.959	0.360	0.657	0.952	0.062	0.420	0.903	0.001	0.002	0.001	0.002	0.001	0.364	0.058	0.051	0.105	0.002	0.002	0.002	0.002	0.930	0.021	0.002	0.001	0.008	0.081	0.005	0.002	0.001	0.027	0.000	0.000	0.001	0.002	0.001	0.002	0.001	0.003	0.003	0.003	0.002	0.001	0.002	0.002	0.001	0.001	0.002	0.001	0.002	0.003	0.049	0.001	0.001	0.006	0.002	0.001	0.001	0.001
DA_MAG_00102	0.008	0.003	0.001	0.001	0.000	0.001	0.001	0.001	0.001	0.001	0.002	0.000	0.875	0.134	0.002	0.039	0.001	0.000	0.002	0.003	1.000	0.013	0.002	0.001	0.010	0.613	0.025	0.105	0.002	0.032	0.000	0.002	0.000	0.001	0.001	0.001	0.002	0.005	0.012	0.010	0.005	0.014	0.000	0.000	0.000	0.004	0.004	0.001	0.002	0.005	0.123	0.004	0.000	0.002	0.000	0.000	0.011	0.003
DA_MAG_00103	0.415	0.575	0.467	0.527	0.555	0.269	0.418	0.528	0.267	0.396	0.286	0.180	0.567	0.103	0.236	0.354	0.461	0.567	0.861	0.370	0.001	0.638	0.480	0.392	0.005	0.001	0.001	0.001	0.001	0.001	0.038	0.034	0.087	0.375	0.083	0.051	0.005	0.427	0.184	0.109	0.129	0.026	0.047	0.073	0.101	0.104	0.003	0.002	0.003	0.003	0.068	0.001	0.004	0.005	0.212	0.327	0.526	0.453
DA_MAG_00104	0.230	0.245	0.462	0.131	0.017	0.084	0.131	0.036	0.162	0.177	0.079	0.059	0.084	0.393	0.359	0.325	0.220	0.984	0.191	0.303	0.018	0.097	0.239	0.651	0.000	0.072	0.141	0.661	0.483	0.002	0.009	0.001	0.069	0.004	0.142	0.215	0.010	0.502	0.017	0.006	0.104	0.000	0.007	0.008	0.937	0.005	0.047	0.742	0.021	0.008	0.014	0.001	0.028	0.026	0.002	0.002	0.004	0.001
DA_MAG_00105	0.023	0.001	0.003	0.000	0.045	0.153	0.129	0.389	0.304	0.414	0.426	0.327	0.294	0.232	0.667	0.529	0.666	0.419	0.133	0.603	0.001	0.479	0.433	0.367	0.000	0.099	0.137	0.001	0.001	0.000	0.000	0.000	0.020	0.012	0.014	0.001	0.000	0.002	0.000	0.001	0.002	0.000	0.002	0.053	0.001	0.000	0.000	0.001	0.001	0.001	0.002	0.001	0.001	0.004	0.001	0.001	0.001	0.001
DA_MAG_00106	0.022	0.023	0.080	0.050	0.033	0.003	0.009	0.815	0.171	0.408	0.269	0.206	0.026	0.284	0.947	0.080	0.389	0.916	0.846	0.713	0.537	0.258	0.161	0.231	0.001	0.040	0.002	0.003	0.000	0.023	0.000	0.000	0.000	0.494	0.003	0.001	0.063	0.001	0.002	0.000	0.000	0.001	0.000	0.011	0.000	0.046	0.011	0.002	0.001	0.798	0.130	0.007	0.000	0.000	0.002	0.044	0.006	0.028
DA_MAG_00107	0.002	0.004	0.001	0.001	0.000	0.000	0.000	0.000	0.003	0.001	0.007	0.000	0.990	0.206	0.001	0.060	0.000	0.001	0.000	0.000	0.020	0.010	0.002	0.000	0.031	0.815	0.024	0.000	0.001	0.040	0.001	0.006	0.000	0.002	0.000	0.001	0.001	0.003	0.016	0.013	0.001	0.001	0.012	0.012	0.000	0.007	0.003	0.000	0.000	0.002	0.161	0.008	0.000	0.007	0.000	0.001	0.002	0.002
DA_MAG_00108	0.008	0.108	0.915	0.234	0.156	0.080	0.002	0.004	0.641	0.740	0.623	0.512	0.030	0.204	0.142	0.363	0.710	0.975	0.131	0.023	0.004	0.016	0.004	0.004	0.003	0.608	0.979	0.977	0.816	0.001	0.002	0.002	0.705	0.019	0.933	0.966	0.593	0.637	0.033	0.526	0.894	0.010	0.985	0.984	0.985	0.021	0.204	0.975	0.004	0.010	0.064	0.018	0.018	0.006	0.007	0.012	0.012	0.005
DA_MAG_00109	0.151	0.057	0.028	0.016	0.004	0.001	0.001	0.002	0.004	0.003	0.010	0.001	0.081	0.123	0.010	0.006	0.003	0.002	0.001	0.906	1.000	0.015	0.005	0.002	0.132	0.886	0.420	0.661	0.030	0.036	0.001	0.006	0.001	0.018	0.011	0.022	0.041	0.135	0.266	0.048	0.087	0.110	0.003	0.003	0.103	0.012	0.046	0.012	0.039	0.022	0.673	0.023	0.014	0.007	0.000	0.003	0.103	0.037
DA_MAG_00110	0.999	0.019	0.361	0.008	0.003	0.008	0.060	1.000	1.000	1.000	1.000	1.000	1.000	1.000	1.000	1.000	1.000	1.000	1.000	1.000	0.426	0.820	0.855	1.000	0.070	1.000	1.000	1.000	1.000	0.039	0.761	0.737	1.000	0.985	1.000	1.000	1.000	0.118	0.173	0.265	1.000	1.000	1.000	1.000	1.000	0.207	0.996	1.000	1.000	0.742	0.712	0.009	0.368	0.016	0.000	0.006	0.005	0.005
DA_MAG_00111	0.043	0.027	0.022	0.020	0.010	0.015	0.009	0.014	0.015	0.018	0.018	0.011	0.554	0.123	0.016	0.035	0.015	0.017	0.014	0.016	0.938	0.469	0.991	0.993	0.034	0.261	0.014	0.040	0.019	0.252	0.000	0.001	0.030	0.028	0.011	0.019	0.018	0.059	0.019	0.030	0.028	0.013	0.012	0.015	0.005	0.001	0.047	0.011	0.017	0.014	0.872	0.019	0.011	0.009	0.028	0.030	0.043	0.025
DA_MAG_00112	0.998	1.000	0.999	0.999	0.998	1.000	0.999	1.000	0.996	0.999	1.000	0.999	1.000	0.998	1.000	0.996	0.999	1.000	0.998	1.000	0.960	0.992	0.992	0.992	0.008	1.000	0.998	0.969	0.013	0.005	0.000	0.012	1.000	0.110	0.867	1.000	0.982	0.936	0.019	0.169	0.618	0.114	0.648	0.522	0.004	0.003	0.454	0.997	0.229	0.999	0.262	0.999	0.996	0.018	0.833	1.000	0.998	0.994
DA_MAG_00113	0.984	0.639	0.954	0.931	0.874	0.768	0.978	0.979	0.996	0.966	0.746	0.963	0.825	0.990	0.962	0.906	0.970	0.966	0.988	0.989	0.616	0.972	0.972	0.965	0.005	0.937	0.864	0.616	0.862	0.032	0.003	0.002	0.870	0.982	0.178	0.842	0.655	0.028	0.005	0.002	0.984	0.740	0.891	0.945	0.356	0.001	0.101	0.931	0.857	0.900	0.947	0.882	0.870	0.001	0.880	0.850	0.961	0.995
DA_MAG_00114	0.996	0.785	0.955	0.985	0.671	0.997	0.962	0.466	0.903	0.910	0.746	0.991	0.993	0.751	0.917	0.956	0.728	0.985	0.985	0.391	0.999	0.156	0.212	0.407	0.077	0.998	0.994	0.859	0.994	0.064	0.007	0.009	0.019	0.992	0.383	0.933	0.996	0.089	0.106	0.029	0.493	0.163	0.900	0.906	0.065	0.028	0.074	0.350	0.135	0.836	0.565	0.029	0.023	0.030	0.011	0.018	0.041	0.025
DA_MAG_00115	0.915	1.000	0.985	0.940	0.981	0.901	0.987	0.891	0.977	0.999	0.999	0.928	0.444	0.962	0.992	0.748	0.785	0.995	0.998	0.392	0.720	0.402	0.503	0.998	0.007	0.595	0.978	0.955	0.924	0.090	0.001	0.003	0.001	0.017	0.064	0.021	0.018	0.983	0.151	0.016	0.848	0.003	0.007	0.018	0.079	0.002	0.030	0.459	0.070	0.431	0.710	0.702	0.973	0.013	0.767	0.987	0.160	0.015
DA_MAG_00116	0.923	0.973	0.984	0.980	0.511	0.888	0.466	0.009	0.008	0.009	0.009	0.007	0.008	0.138	0.112	0.008	0.009	0.011	0.010	0.009	0.007	0.010	0.011	0.008	0.000	0.010	0.026	0.051	0.044	0.000	0.000	0.000	0.010	0.008	0.006	0.010	0.006	0.024	0.001	0.007	0.027	0.002	0.018	0.015	0.037	0.000	0.001	0.007	0.006	0.007	0.015	0.009	0.010	0.005	0.008	0.010	0.009	0.010
DA_MAG_00117	0.438	0.727	0.606	0.679	0.294	0.510	0.365	0.370	0.230	0.329	0.557	0.217	0.150	0.548	0.463	0.332	0.392	0.435	0.355	0.370	0.921	0.457	0.310	0.173	0.011	0.522	0.065	0.045	0.090	0.013	0.000	0.001	0.261	0.038	0.066	0.266	0.169	0.023	0.005	0.011	0.190	0.014	0.212	0.470	0.239	0.001	0.015	0.304	0.216	0.042	0.178	0.192	0.111	0.006	0.066	0.056	0.023	0.015
DA_MAG_00118	0.270	0.077	0.125	0.196	0.165	0.789	0.268	0.114	0.154	0.373	0.334	0.490	0.880	0.116	0.257	0.296	0.207	0.372	0.184	0.136	0.704	0.271	0.131	0.798	0.004	0.851	0.913	0.144	0.545	0.002	0.002	0.000	0.371	0.897	0.091	0.723	0.401	0.006	0.004	0.002	0.172	0.540	0.481	0.069	0.025	0.000	0.050	0.493	0.590	0.919	0.038	0.003	0.305	0.007	0.677	0.809	0.702	0.874
DA_MAG_00119	0.610	0.300	0.600	0.502	0.029	0.456	0.064	0.073	0.060	0.166	0.336	0.506	0.264	0.218	0.272	0.310	0.191	0.707	0.151	0.077	0.093	0.123	0.286	0.809	0.001	0.404	0.891	0.515	0.965	0.367	0.016	0.003	0.979	0.694	0.638	0.987	0.945	0.825	0.077	0.548	0.925	0.069	0.928	0.392	0.597	0.001	0.141	0.804	0.074	0.640	0.626	0.887	0.768	0.003	0.341	0.947	0.976	0.958
DA_MAG_00120	1.000	0.975	0.986	0.998	0.813	1.000	0.999	0.986	0.999	0.993	0.999	1.000	1.000	0.999	0.999	1.000	1.000	1.000	1.000	0.997	0.096	0.842	0.999	1.000	0.026	1.000	1.000	1.000	1.000	0.011	0.189	0.075	1.000	0.997	0.997	1.000	0.998	0.056	0.045	0.008	0.976	0.998	0.914	0.340	0.280	0.011	0.999	1.000	1.000	1.000	0.992	1.000	1.000	0.169	0.998	0.999	0.989	0.997
DA_MAG_00121	0.497	0.002	0.018	0.000	0.000	0.001	0.008	0.996	0.999	0.999	0.976	0.989	0.999	0.943	0.999	1.000	1.000	1.000	0.982	0.998	0.001	0.840	0.978	0.999	0.001	0.972	0.898	0.964	1.000	0.002	0.008	0.001	0.628	0.058	0.969	0.952	0.822	0.004	0.004	0.001	0.182	0.000	0.001	0.000	0.000	0.000	0.165	0.996	0.529	0.150	0.015	0.524	0.729	0.004	0.000	0.001	0.000	0.001
DA_MAG_00122	0.069	0.024	0.012	0.005	0.002	0.000	0.000	0.001	0.001	0.001	0.001	0.001	0.041	0.068	0.005	0.005	0.001	0.001	0.000	0.000	1.000	0.009	0.003	0.001	0.098	0.050	0.150	0.081	0.116	0.020	0.200	0.007	0.005	0.003	0.159	0.007	0.022	0.102	0.207	0.052	0.831	0.829	0.780	0.754	0.786	0.007	0.114	0.009	0.016	0.005	0.352	0.009	0.027	0.799	0.008	0.833	0.837	0.834
DA_MAG_00123	0.096	0.028	0.058	0.133	0.022	0.721	0.102	0.048	0.123	0.093	0.537	0.498	0.262	0.057	0.046	0.132	0.096	0.250	0.123	0.023	0.939	0.132	0.097	0.433	0.005	0.963	0.419	0.054	0.151	0.006	0.000	0.001	0.129	0.020	0.142	0.131	0.654	0.011	0.003	0.003	0.020	0.007	0.547	0.185	0.027	0.001	0.007	0.105	0.012	0.038	0.122	0.015	0.027	0.003	0.116	0.397	0.114	0.707
DA_MAG_00124	0.566	0.692	0.669	0.677	0.422	0.327	0.234	0.785	0.321	0.287	0.181	0.161	0.129	0.187	0.281	0.200	0.534	0.451	0.840	0.570	0.001	0.757	0.450	0.132	0.183	0.117	0.068	0.145	0.109	0.060	0.106	0.131	0.197	0.295	0.072	0.114	0.033	0.189	0.047	0.029	0.121	0.062	0.081	0.072	0.120	0.088	0.090	0.004	0.005	0.014	0.146	0.010	0.020	0.035	0.058	0.233	0.295	0.162
DA_MAG_00125	0.006	0.996	0.920	0.986	0.003	0.035	0.001	0.052	0.048	0.374	0.051	0.546	0.051	0.949	0.436	0.076	0.266	0.899	0.718	0.221	0.240	0.960	0.015	0.096	0.001	0.179	0.002	0.005	0.000	0.152	0.000	0.001	0.000	0.077	0.000	0.001	0.003	0.000	0.003	0.001	0.001	0.001	0.000	0.042	0.000	0.002	0.063	0.016	0.007	0.005	0.963	0.045	0.045	0.001	0.011	0.017	0.002	0.008
DA_MAG_00126	0.009	0.626	0.086	0.039	0.001	0.007	0.066	0.457	0.850	0.385	0.194	0.176	0.022	0.056	0.349	0.692	0.702	0.990	0.052	0.745	0.082	0.503	0.074	0.077	0.000	0.001	0.000	0.000	0.000	0.000	0.000	0.000	0.000	0.496	0.000	0.000	0.001	0.000	0.003	0.000	0.000	0.000	0.000	0.000	0.000	0.000	0.000	0.000	0.000	0.006	0.984	0.001	0.000	0.000	0.000	0.002	0.020	0.001
DA_MAG_00127	0.984	0.468	0.880	0.993	0.139	0.999	0.480	0.008	0.013	0.018	0.054	0.026	0.292	0.122	0.291	0.040	0.064	0.167	0.432	0.023	0.017	0.878	0.998	1.000	0.001	0.360	0.742	0.007	0.007	0.000	0.000	0.001	0.492	0.174	0.007	0.064	0.118	0.011	0.002	0.002	0.005	0.028	0.015	0.004	0.002	0.000	0.017	0.066	0.024	0.107	0.242	0.702	0.713	0.004	0.998	1.000	1.000	1.000
DA_MAG_00128	0.032	0.016	0.008	0.009	0.004	0.011	0.003	0.004	0.006	0.006	0.007	0.007	0.917	0.122	0.007	0.077	0.006	0.010	0.004	0.005	1.000	0.026	0.007	0.014	0.053	0.849	0.065	0.097	0.010	0.052	0.000	0.006	0.005	0.006	0.004	0.011	0.014	0.030	0.040	0.014	0.010	0.011	0.008	0.006	0.005	0.009	0.013	0.009	0.007	0.012	0.532	0.007	0.006	0.006	0.001	0.010	0.016	0.014