bins	mean_donor_detection	mean_post_detection	AST_count_detec	AST_frac_detec	AUS_count_detec	AUS_frac_detec	BAN_count_detec	BAN_frac_detec	CAN_count_detec	CAN_frac_detec	CHI_count_detec	CHI_frac_detec	DEN_count_detec	DEN_frac_detec	ENG_count_detec	ENG_frac_detec	ETH_count_detec	ETH_frac_detec	FIJ_count_detec	FIJ_frac_detec	ISR_count_detec	ISR_frac_detec	ITA_count_detec	ITA_frac_detec	MAD_count_detec	MAD_frac_detec	MON_count_detec	MON_frac_detec	PER_count_detec	PER_frac_detec	SPA_count_detec	SPA_frac_detec	TAN_count_detec	TAN_frac_detec	USA_count_detec	USA_frac_detec
DB_MAG_00001	0.0697333333333333	0.0019629629629629632	0.0	0.0	0.0	0.0	0.0	0.0	1.0	0.043478260869565216	0.0	0.0	0.0	0.0	0.0	0.0	0.0	0.0	0.0	0.0	0.0	0.0	0.0	0.0	0.0	0.0	0.0	0.0	0.0	0.0	0.0	0.0	0.0	0.0	0.0	0.0
DB_MAG_00002	0.7200000000000001	0.015481481481481483	16.0	0.1045751633986928	0.0	0.0	0.0	0.0	0.0	0.0	0.0	0.0	5.0	0.017605633802816902	8.0	0.03791469194312797	0.0	0.0	0.0	0.0	0.0	0.0	0.0	0.0	0.0	0.0	0.0	0.0	0.0	0.0	3.0	0.0189873417721519	0.0	0.0	1.0	0.008196721311475409
DB_MAG_00003	0.6567999999999999	0.3144074074074074	16.0	0.1045751633986928	3.0	0.25	0.0	0.0	3.0	0.13043478260869565	36.0	0.1914893617021277	21.0	0.07394366197183097	25.0	0.11848341232227487	0.0	0.0	0.0	0.0	62.0	0.1867469879518072	0.0	0.0	9.0	0.08035714285714286	1.0	0.00909090909090909	0.0	0.0	9.0	0.0569620253164557	1.0	0.037037037037037035	5.0	0.04098360655737705
DB_MAG_00004	0.8931333333333333	0.45137037037037037	19.0	0.12418300653594773	2.0	0.16666666666666666	0.0	0.0	5.0	0.21739130434782608	3.0	0.015957446808510637	31.0	0.10915492957746477	37.0	0.17535545023696686	0.0	0.0	0.0	0.0	15.0	0.045180722891566265	1.0	0.09090909090909093	0.0	0.0	0.0	0.0	0.0	0.0	13.0	0.08227848101265822	0.0	0.0	12.0	0.09836065573770493
DB_MAG_00005	0.9674666666666667	0.7801481481481483	76.0	0.4967320261437909	8.0	0.6666666666666666	0.0	0.0	17.0	0.7391304347826086	73.0	0.3882978723404255	180.0	0.6338028169014085	138.0	0.6540284360189573	3.0	0.6	8.0	0.04651162790697674	229.0	0.6897590361445783	6.0	0.5454545454545454	22.0	0.19642857142857145	38.0	0.34545454545454546	6.0	0.16666666666666666	80.0	0.5063291139240507	1.0	0.037037037037037035	82.0	0.6721311475409836
DB_MAG_00006	0.33859999999999996	0.189962962962963	0.0	0.0	0.0	0.0	0.0	0.0	0.0	0.0	0.0	0.0	0.0	0.0	0.0	0.0	0.0	0.0	0.0	0.0	0.0	0.0	0.0	0.0	0.0	0.0	0.0	0.0	0.0	0.0	0.0	0.0	0.0	0.0	0.0	0.0
DB_MAG_00007	0.9909333333333332	0.984037037037037	12.0	0.0784313725490196	5.0	0.4166666666666667	0.0	0.0	12.0	0.5217391304347826	156.0	0.8297872340425532	54.0	0.19014084507042253	70.0	0.33175355450236965	0.0	0.0	2.0	0.011627906976744186	88.0	0.26506024096385544	0.0	0.0	15.0	0.13392857142857142	3.0	0.027272727272727268	0.0	0.0	40.0	0.2531645569620253	0.0	0.0	52.0	0.4262295081967213
DB_MAG_00008	0.8960666666666665	0.7856666666666667	100.0	0.6535947712418301	7.0	0.5833333333333334	0.0	0.0	17.0	0.7391304347826086	4.0	0.02127659574468085	200.0	0.7042253521126759	161.0	0.7630331753554502	5.0	1.0	0.0	0.0	239.0	0.7198795180722891	2.0	0.18181818181818185	14.0	0.125	56.0	0.509090909090909	11.0	0.3055555555555556	83.0	0.5253164556962026	2.0	0.07407407407407407	69.0	0.5655737704918032
DB_MAG_00009	0.8296666666666668	0.5698888888888889	22.0	0.1437908496732026	1.0	0.08333333333333333	0.0	0.0	4.0	0.17391304347826084	46.0	0.24468085106382975	49.0	0.17253521126760565	52.0	0.2464454976303317	0.0	0.0	0.0	0.0	99.0	0.2981927710843373	1.0	0.09090909090909093	0.0	0.0	7.0	0.06363636363636363	0.0	0.0	25.0	0.15822784810126586	0.0	0.0	26.0	0.21311475409836064
DB_MAG_00010	0.9994666666666667	0.8577037037037036	39.0	0.2549019607843137	3.0	0.25	0.0	0.0	7.0	0.3043478260869565	13.0	0.06914893617021277	103.0	0.3626760563380282	95.0	0.4502369668246445	0.0	0.0	0.0	0.0	62.0	0.1867469879518072	2.0	0.18181818181818185	1.0	0.008928571428571428	2.0	0.01818181818181818	0.0	0.0	38.0	0.2405063291139241	0.0	0.0	10.0	0.08196721311475409
DB_MAG_00011	0.7366666666666667	0.5695925925925927	45.0	0.29411764705882354	7.0	0.5833333333333334	1.0	0.03571428571428571	11.0	0.4782608695652174	27.0	0.14361702127659576	140.0	0.4929577464788733	101.0	0.4786729857819905	5.0	1.0	18.0	0.10465116279069768	168.0	0.5060240963855421	0.0	0.0	17.0	0.15178571428571427	73.0	0.6636363636363637	10.0	0.2777777777777778	28.0	0.17721518987341772	13.0	0.4814814814814815	25.0	0.20491803278688525
DB_MAG_00012	0.4817333333333334	0.3012592592592593	47.0	0.3071895424836601	3.0	0.25	0.0	0.0	5.0	0.21739130434782608	9.0	0.04787234042553192	130.0	0.4577464788732394	109.0	0.5165876777251185	2.0	0.4	6.0	0.034883720930232565	96.0	0.2891566265060241	1.0	0.09090909090909093	24.0	0.21428571428571427	43.0	0.3909090909090909	27.0	0.75	29.0	0.1835443037974684	15.0	0.5555555555555556	23.0	0.1885245901639344
DB_MAG_00013	0.9772000000000001	0.7272962962962963	57.0	0.3725490196078432	0.0	0.0	0.0	0.0	4.0	0.17391304347826084	0.0	0.0	70.0	0.24647887323943665	52.0	0.2464454976303317	3.0	0.6	0.0	0.0	111.0	0.3343373493975904	0.0	0.0	48.0	0.42857142857142855	92.0	0.8363636363636363	5.0	0.1388888888888889	49.0	0.310126582278481	1.0	0.037037037037037035	6.0	0.049180327868852465
DB_MAG_00014	0.9301333333333335	0.47359259259259257	48.0	0.3137254901960784	5.0	0.4166666666666667	0.0	0.0	9.0	0.39130434782608703	22.0	0.11702127659574467	131.0	0.4612676056338028	75.0	0.35545023696682465	0.0	0.0	1.0	0.005813953488372093	110.0	0.3313253012048193	1.0	0.09090909090909093	10.0	0.08928571428571429	32.0	0.2909090909090909	2.0	0.05555555555555555	24.0	0.1518987341772152	2.0	0.07407407407407407	29.0	0.2377049180327869
DB_MAG_00015	0.9680666666666667	0.5496666666666667	31.0	0.20261437908496727	6.0	0.5	0.0	0.0	7.0	0.3043478260869565	2.0	0.010638297872340424	121.0	0.426056338028169	86.0	0.4075829383886256	5.0	1.0	0.0	0.0	81.0	0.24397590361445784	1.0	0.09090909090909093	4.0	0.03571428571428571	1.0	0.00909090909090909	0.0	0.0	34.0	0.21518987341772156	6.0	0.2222222222222222	23.0	0.1885245901639344
DB_MAG_00016	0.6499333333333334	0.6676666666666667	81.0	0.5294117647058824	1.0	0.08333333333333333	0.0	0.0	4.0	0.17391304347826084	2.0	0.010638297872340424	64.0	0.22535211267605634	163.0	0.7725118483412322	0.0	0.0	0.0	0.0	156.0	0.4698795180722892	1.0	0.09090909090909093	42.0	0.375	11.0	0.1	20.0	0.5555555555555556	63.0	0.3987341772151899	1.0	0.037037037037037035	29.0	0.2377049180327869
DB_MAG_00017	0.6154666666666666	0.010592592592592591	7.0	0.0457516339869281	1.0	0.08333333333333333	0.0	0.0	4.0	0.17391304347826084	7.0	0.03723404255319149	68.0	0.23943661971830985	18.0	0.08530805687203792	2.0	0.4	4.0	0.02325581395348837	56.0	0.1686746987951807	0.0	0.0	17.0	0.15178571428571427	15.0	0.13636363636363635	4.0	0.1111111111111111	15.0	0.0949367088607595	0.0	0.0	3.0	0.024590163934426233
DB_MAG_00018	0.7091333333333334	0.5504444444444444	54.0	0.35294117647058826	7.0	0.5833333333333334	2.0	0.07142857142857142	15.0	0.6521739130434783	50.0	0.26595744680851063	206.0	0.7253521126760564	138.0	0.6540284360189573	5.0	1.0	32.0	0.18604651162790695	206.0	0.6204819277108434	1.0	0.09090909090909093	36.0	0.32142857142857145	98.0	0.8909090909090909	34.0	0.9444444444444444	56.0	0.35443037974683544	16.0	0.5925925925925926	59.0	0.4836065573770492
DB_MAG_00019	0.8875333333333334	0.699962962962963	88.0	0.5751633986928104	4.0	0.3333333333333333	0.0	0.0	20.0	0.8695652173913043	69.0	0.3670212765957447	192.0	0.676056338028169	129.0	0.6113744075829384	5.0	1.0	5.0	0.02906976744186046	224.0	0.6746987951807228	2.0	0.18181818181818185	11.0	0.09821428571428573	102.0	0.9272727272727272	15.0	0.4166666666666667	69.0	0.4367088607594937	5.0	0.1851851851851852	54.0	0.4426229508196721
DB_MAG_00020	0.7161333333333333	0.48874074074074064	68.0	0.4444444444444444	7.0	0.5833333333333334	0.0	0.0	19.0	0.8260869565217391	61.0	0.32446808510638303	196.0	0.6901408450704225	171.0	0.8104265402843602	0.0	0.0	0.0	0.0	261.0	0.7861445783132529	3.0	0.2727272727272727	3.0	0.026785714285714284	40.0	0.3636363636363637	0.0	0.0	94.0	0.5949367088607594	0.0	0.0	60.0	0.4918032786885246
DB_MAG_00021	0.5232666666666668	0.294962962962963	12.0	0.0784313725490196	1.0	0.08333333333333333	0.0	0.0	0.0	0.0	16.0	0.0851063829787234	59.0	0.20774647887323944	8.0	0.03791469194312797	2.0	0.4	0.0	0.0	61.0	0.18373493975903613	0.0	0.0	5.0	0.04464285714285714	8.0	0.07272727272727272	1.0	0.027777777777777776	14.0	0.08860759493670886	0.0	0.0	7.0	0.05737704918032788
DB_MAG_00022	0.9952666666666666	0.9657037037037036	108.0	0.7058823529411765	10.0	0.8333333333333334	0.0	0.0	13.0	0.5652173913043478	130.0	0.6914893617021277	186.0	0.6549295774647887	177.0	0.8388625592417062	0.0	0.0	7.0	0.040697674418604654	265.0	0.7981927710843374	2.0	0.18181818181818185	32.0	0.2857142857142857	4.0	0.03636363636363636	17.0	0.4722222222222222	105.0	0.6645569620253164	0.0	0.0	65.0	0.5327868852459017
DB_MAG_00023	0.1376	0.11803703703703701	103.0	0.673202614379085	2.0	0.16666666666666666	8.0	0.2857142857142857	9.0	0.39130434782608703	15.0	0.0797872340425532	186.0	0.6549295774647887	127.0	0.6018957345971564	4.0	0.8	39.0	0.2267441860465116	245.0	0.7379518072289156	8.0	0.7272727272727273	28.0	0.25	110.0	1.0	11.0	0.3055555555555556	83.0	0.5253164556962026	0.0	0.0	40.0	0.3278688524590164
DB_MAG_00024	0.8910666666666667	0.6983333333333334	73.0	0.477124183006536	1.0	0.08333333333333333	0.0	0.0	12.0	0.5217391304347826	18.0	0.09574468085106384	107.0	0.3767605633802817	115.0	0.5450236966824644	0.0	0.0	1.0	0.005813953488372093	109.0	0.32831325301204817	3.0	0.2727272727272727	2.0	0.017857142857142856	16.0	0.14545454545454545	3.0	0.08333333333333333	41.0	0.25949367088607594	0.0	0.0	45.0	0.3688524590163935
DB_MAG_00025	0.5029333333333333	0.5839259259259258	13.0	0.08496732026143791	7.0	0.5833333333333334	2.0	0.07142857142857142	20.0	0.8695652173913043	83.0	0.4414893617021277	108.0	0.38028169014084506	57.0	0.27014218009478674	0.0	0.0	1.0	0.005813953488372093	69.0	0.2078313253012048	1.0	0.09090909090909093	2.0	0.017857142857142856	11.0	0.1	0.0	0.0	77.0	0.4873417721518987	0.0	0.0	66.0	0.5409836065573771
DB_MAG_00026	0.5324666666666666	0.45040740740740737	12.0	0.0784313725490196	3.0	0.25	0.0	0.0	5.0	0.21739130434782608	9.0	0.04787234042553192	71.0	0.25	32.0	0.15165876777251186	0.0	0.0	0.0	0.0	49.0	0.14759036144578316	1.0	0.09090909090909093	0.0	0.0	2.0	0.01818181818181818	0.0	0.0	34.0	0.21518987341772156	0.0	0.0	12.0	0.09836065573770493
DB_MAG_00027	0.5915333333333332	0.25918518518518513	2.0	0.013071895424836602	0.0	0.0	0.0	0.0	0.0	0.0	0.0	0.0	20.0	0.07042253521126761	8.0	0.03791469194312797	0.0	0.0	0.0	0.0	0.0	0.0	0.0	0.0	0.0	0.0	0.0	0.0	0.0	0.0	1.0	0.006329113924050633	0.0	0.0	2.0	0.016393442622950817
DB_MAG_00028	0.5480666666666667	0.4462592592592593	8.0	0.052287581699346414	0.0	0.0	0.0	0.0	1.0	0.043478260869565216	1.0	0.0053191489361702135	16.0	0.056338028169014086	11.0	0.05213270142180095	0.0	0.0	0.0	0.0	20.0	0.060240963855421686	0.0	0.0	0.0	0.0	5.0	0.045454545454545456	0.0	0.0	4.0	0.02531645569620253	0.0	0.0	1.0	0.008196721311475409
DB_MAG_00029	0.1358	0.24562962962962967	26.0	0.16993464052287582	2.0	0.16666666666666666	0.0	0.0	9.0	0.39130434782608703	45.0	0.2393617021276596	42.0	0.14788732394366194	54.0	0.2559241706161137	2.0	0.4	5.0	0.02906976744186046	99.0	0.2981927710843373	2.0	0.18181818181818185	29.0	0.25892857142857145	65.0	0.5909090909090909	8.0	0.2222222222222222	32.0	0.20253164556962025	2.0	0.07407407407407407	29.0	0.2377049180327869
DB_MAG_00030	0.7866	0.37744444444444447	100.0	0.6535947712418301	8.0	0.6666666666666666	1.0	0.03571428571428571	17.0	0.7391304347826086	104.0	0.5531914893617021	187.0	0.6584507042253521	159.0	0.7535545023696683	3.0	0.6	16.0	0.09302325581395347	222.0	0.6686746987951807	6.0	0.5454545454545454	56.0	0.5	49.0	0.44545454545454544	27.0	0.75	70.0	0.4430379746835443	12.0	0.4444444444444444	63.0	0.5163934426229508
DB_MAG_00031	0.7867999999999999	0.5532592592592592	46.0	0.3006535947712418	4.0	0.3333333333333333	0.0	0.0	13.0	0.5652173913043478	8.0	0.0425531914893617	125.0	0.44014084507042256	90.0	0.4265402843601896	0.0	0.0	0.0	0.0	54.0	0.16265060240963855	2.0	0.18181818181818185	0.0	0.0	22.0	0.2	0.0	0.0	44.0	0.27848101265822783	0.0	0.0	34.0	0.2786885245901639
DB_MAG_00032	0.6000666666666666	0.3625555555555555	60.0	0.392156862745098	4.0	0.3333333333333333	0.0	0.0	8.0	0.3478260869565217	54.0	0.2872340425531915	98.0	0.34507042253521125	87.0	0.41232227488151657	4.0	0.8	12.0	0.06976744186046513	99.0	0.2981927710843373	5.0	0.4545454545454545	37.0	0.33035714285714285	39.0	0.3545454545454545	21.0	0.5833333333333334	37.0	0.23417721518987344	6.0	0.2222222222222222	21.0	0.1721311475409836
DB_MAG_00033	0.4094	0.5665555555555556	30.0	0.19607843137254904	3.0	0.25	19.0	0.6785714285714286	6.0	0.2608695652173913	65.0	0.34574468085106386	102.0	0.3591549295774648	32.0	0.15165876777251186	5.0	1.0	81.0	0.4709302325581395	181.0	0.5451807228915663	2.0	0.18181818181818185	106.0	0.9464285714285714	110.0	1.0	36.0	1.0	50.0	0.3164556962025317	27.0	1.0	19.0	0.1557377049180328
DB_MAG_00034	0.9961333333333334	0.8545555555555556	123.0	0.8039215686274509	9.0	0.75	1.0	0.03571428571428571	20.0	0.8695652173913043	90.0	0.4787234042553192	259.0	0.9119718309859156	184.0	0.8720379146919431	5.0	1.0	8.0	0.04651162790697674	296.0	0.891566265060241	9.0	0.8181818181818182	87.0	0.7767857142857143	95.0	0.8636363636363636	26.0	0.7222222222222222	105.0	0.6645569620253164	7.0	0.25925925925925924	86.0	0.7049180327868853
DB_MAG_00035	0.9850000000000001	0.711	37.0	0.24183006535947715	6.0	0.5	1.0	0.03571428571428571	8.0	0.3478260869565217	44.0	0.23404255319148934	137.0	0.4823943661971831	75.0	0.35545023696682465	3.0	0.6	11.0	0.06395348837209303	132.0	0.3975903614457832	0.0	0.0	39.0	0.3482142857142857	19.0	0.17272727272727273	9.0	0.25	46.0	0.2911392405063291	0.0	0.0	33.0	0.2704918032786885
DB_MAG_00036	0.8518	0.14874074074074073	13.0	0.08496732026143791	1.0	0.08333333333333333	0.0	0.0	5.0	0.21739130434782608	6.0	0.031914893617021274	31.0	0.10915492957746477	32.0	0.15165876777251186	1.0	0.2	10.0	0.05813953488372092	53.0	0.15963855421686746	3.0	0.2727272727272727	14.0	0.125	4.0	0.03636363636363636	2.0	0.05555555555555555	8.0	0.05063291139240506	4.0	0.14814814814814814	11.0	0.09016393442622953
DB_MAG_00037	0.7245333333333334	0.5027407407407407	68.0	0.4444444444444444	1.0	0.08333333333333333	0.0	0.0	11.0	0.4782608695652174	7.0	0.03723404255319149	61.0	0.2147887323943662	58.0	0.2748815165876777	0.0	0.0	0.0	0.0	37.0	0.11144578313253012	3.0	0.2727272727272727	0.0	0.0	8.0	0.07272727272727272	0.0	0.0	46.0	0.2911392405063291	0.0	0.0	53.0	0.4344262295081967
DB_MAG_00038	0.9014	0.7291851851851852	44.0	0.2875816993464052	0.0	0.0	1.0	0.03571428571428571	8.0	0.3478260869565217	15.0	0.0797872340425532	137.0	0.4823943661971831	110.0	0.5213270142180095	4.0	0.8	11.0	0.06395348837209303	121.0	0.3644578313253012	1.0	0.09090909090909093	33.0	0.29464285714285715	83.0	0.7545454545454545	26.0	0.7222222222222222	26.0	0.16455696202531644	14.0	0.5185185185185185	19.0	0.1557377049180328
DB_MAG_00039	0.9004	0.42533333333333334	69.0	0.4509803921568628	3.0	0.25	0.0	0.0	13.0	0.5652173913043478	49.0	0.26063829787234044	162.0	0.5704225352112676	127.0	0.6018957345971564	2.0	0.4	13.0	0.0755813953488372	205.0	0.6174698795180723	1.0	0.09090909090909093	18.0	0.16071428571428573	55.0	0.5	26.0	0.7222222222222222	60.0	0.37974683544303794	8.0	0.2962962962962963	43.0	0.3524590163934426
DB_MAG_00040	0.8059999999999999	0.4915185185185185	38.0	0.24836601307189546	0.0	0.0	0.0	0.0	12.0	0.5217391304347826	2.0	0.010638297872340424	30.0	0.1056338028169014	69.0	0.32701421800947866	0.0	0.0	0.0	0.0	59.0	0.17771084337349394	1.0	0.09090909090909093	3.0	0.026785714285714284	15.0	0.13636363636363635	0.0	0.0	35.0	0.2215189873417721	0.0	0.0	22.0	0.18032786885245905
DB_MAG_00041	0.7772000000000001	0.2957037037037037	10.0	0.06535947712418301	1.0	0.08333333333333333	0.0	0.0	6.0	0.2608695652173913	33.0	0.17553191489361702	18.0	0.06338028169014084	7.0	0.03317535545023697	0.0	0.0	0.0	0.0	39.0	0.11746987951807228	0.0	0.0	0.0	0.0	0.0	0.0	0.0	0.0	14.0	0.08860759493670886	0.0	0.0	6.0	0.049180327868852465
DB_MAG_00042	0.28686666666666666	0.3844814814814815	51.0	0.3333333333333333	3.0	0.25	1.0	0.03571428571428571	17.0	0.7391304347826086	5.0	0.026595744680851064	78.0	0.2746478873239437	87.0	0.41232227488151657	0.0	0.0	0.0	0.0	12.0	0.03614457831325301	3.0	0.2727272727272727	13.0	0.11607142857142858	9.0	0.08181818181818183	0.0	0.0	62.0	0.3924050632911392	0.0	0.0	54.0	0.4426229508196721
DB_MAG_00043	0.6755333333333334	0.35507407407407404	69.0	0.4509803921568628	10.0	0.8333333333333334	0.0	0.0	15.0	0.6521739130434783	55.0	0.2925531914893617	198.0	0.6971830985915493	139.0	0.6587677725118484	4.0	0.8	0.0	0.0	200.0	0.6024096385542169	2.0	0.18181818181818185	16.0	0.14285714285714285	21.0	0.19090909090909086	3.0	0.08333333333333333	71.0	0.4493670886075949	3.0	0.1111111111111111	66.0	0.5409836065573771
DB_MAG_00044	0.9896666666666668	0.3085555555555555	15.0	0.09803921568627452	1.0	0.08333333333333333	0.0	0.0	0.0	0.0	9.0	0.04787234042553192	18.0	0.06338028169014084	16.0	0.07582938388625593	5.0	1.0	0.0	0.0	63.0	0.1897590361445783	0.0	0.0	4.0	0.03571428571428571	0.0	0.0	4.0	0.1111111111111111	15.0	0.0949367088607595	19.0	0.7037037037037037	2.0	0.016393442622950817
DB_MAG_00045	0.6486	0.4836666666666666	34.0	0.2222222222222222	1.0	0.08333333333333333	0.0	0.0	6.0	0.2608695652173913	13.0	0.06914893617021277	58.0	0.20422535211267606	58.0	0.2748815165876777	0.0	0.0	0.0	0.0	41.0	0.12349397590361445	0.0	0.0	0.0	0.0	12.0	0.10909090909090907	0.0	0.0	50.0	0.3164556962025317	0.0	0.0	16.0	0.13114754098360654
DB_MAG_00046	0.37833333333333335	0.08044444444444444	3.0	0.0196078431372549	3.0	0.25	0.0	0.0	4.0	0.17391304347826084	0.0	0.0	16.0	0.056338028169014086	17.0	0.08056872037914692	0.0	0.0	0.0	0.0	10.0	0.030120481927710843	0.0	0.0	0.0	0.0	0.0	0.0	0.0	0.0	5.0	0.03164556962025317	0.0	0.0	9.0	0.07377049180327869
DB_MAG_00047	0.8223333333333334	0.6953333333333334	111.0	0.7254901960784313	1.0	0.08333333333333333	0.0	0.0	14.0	0.6086956521739131	9.0	0.04787234042553192	56.0	0.19718309859154928	105.0	0.4976303317535545	0.0	0.0	0.0	0.0	100.0	0.3012048192771085	0.0	0.0	2.0	0.017857142857142856	15.0	0.13636363636363635	0.0	0.0	66.0	0.4177215189873418	0.0	0.0	17.0	0.13934426229508196
DB_MAG_00048	0.4827333333333333	0.19203703703703706	53.0	0.3464052287581699	0.0	0.0	0.0	0.0	2.0	0.08695652173913042	3.0	0.015957446808510637	57.0	0.2007042253521127	27.0	0.12796208530805686	0.0	0.0	1.0	0.005813953488372093	45.0	0.1355421686746988	1.0	0.09090909090909093	13.0	0.11607142857142858	17.0	0.15454545454545454	9.0	0.25	20.0	0.12658227848101267	0.0	0.0	5.0	0.04098360655737705
DB_MAG_00049	0.9474666666666668	0.6041851851851852	26.0	0.16993464052287582	1.0	0.08333333333333333	0.0	0.0	9.0	0.39130434782608703	6.0	0.031914893617021274	128.0	0.4507042253521127	76.0	0.36018957345971564	0.0	0.0	0.0	0.0	109.0	0.32831325301204817	0.0	0.0	4.0	0.03571428571428571	0.0	0.0	11.0	0.3055555555555556	18.0	0.1139240506329114	9.0	0.3333333333333333	7.0	0.05737704918032788
DB_MAG_00050	0.47546666666666665	0.3890740740740741	58.0	0.3790849673202614	8.0	0.6666666666666666	0.0	0.0	9.0	0.39130434782608703	45.0	0.2393617021276596	145.0	0.5105633802816901	80.0	0.3791469194312796	0.0	0.0	1.0	0.005813953488372093	168.0	0.5060240963855421	1.0	0.09090909090909093	21.0	0.1875	20.0	0.18181818181818185	0.0	0.0	47.0	0.2974683544303797	0.0	0.0	45.0	0.3688524590163935
DB_MAG_00051	0.9948666666666666	0.9544444444444444	121.0	0.7908496732026143	12.0	1.0	1.0	0.03571428571428571	17.0	0.7391304347826086	89.0	0.4734042553191489	255.0	0.897887323943662	184.0	0.8720379146919431	1.0	0.2	14.0	0.08139534883720931	289.0	0.8704819277108434	7.0	0.6363636363636364	40.0	0.35714285714285715	103.0	0.9363636363636364	17.0	0.4722222222222222	118.0	0.7468354430379747	6.0	0.2222222222222222	82.0	0.6721311475409836
DB_MAG_00052	0.5204666666666665	0.349037037037037	15.0	0.09803921568627452	0.0	0.0	0.0	0.0	1.0	0.043478260869565216	5.0	0.026595744680851064	48.0	0.16901408450704225	26.0	0.12322274881516587	0.0	0.0	0.0	0.0	17.0	0.05120481927710843	1.0	0.09090909090909093	0.0	0.0	1.0	0.00909090909090909	0.0	0.0	9.0	0.0569620253164557	0.0	0.0	7.0	0.05737704918032788
DB_MAG_00053	0.6145333333333335	0.5020740740740741	6.0	0.0392156862745098	2.0	0.16666666666666666	0.0	0.0	0.0	0.0	1.0	0.0053191489361702135	3.0	0.01056338028169014	14.0	0.06635071090047394	0.0	0.0	0.0	0.0	23.0	0.06927710843373494	0.0	0.0	2.0	0.017857142857142856	0.0	0.0	0.0	0.0	7.0	0.04430379746835443	0.0	0.0	2.0	0.016393442622950817
DB_MAG_00054	0.5943999999999999	0.4927777777777778	4.0	0.026143790849673203	0.0	0.0	0.0	0.0	0.0	0.0	0.0	0.0	8.0	0.028169014084507043	19.0	0.09004739336492891	0.0	0.0	0.0	0.0	9.0	0.02710843373493976	0.0	0.0	0.0	0.0	1.0	0.00909090909090909	0.0	0.0	8.0	0.05063291139240506	0.0	0.0	6.0	0.049180327868852465
DB_MAG_00055	0.9801333333333334	0.9685925925925927	68.0	0.4444444444444444	9.0	0.75	0.0	0.0	21.0	0.9130434782608696	142.0	0.7553191489361702	207.0	0.7288732394366197	140.0	0.6635071090047393	1.0	0.2	4.0	0.02325581395348837	297.0	0.8945783132530121	4.0	0.3636363636363637	7.0	0.0625	55.0	0.5	1.0	0.027777777777777776	124.0	0.7848101265822784	0.0	0.0	80.0	0.6557377049180327
DB_MAG_00056	0.7590666666666667	0.535925925925926	20.0	0.13071895424836602	0.0	0.0	0.0	0.0	0.0	0.0	1.0	0.0053191489361702135	13.0	0.045774647887323945	16.0	0.07582938388625593	0.0	0.0	0.0	0.0	14.0	0.042168674698795185	0.0	0.0	0.0	0.0	0.0	0.0	0.0	0.0	0.0	0.0	0.0	0.0	4.0	0.032786885245901634
DB_MAG_00057	0.4680666666666667	0.16359259259259254	0.0	0.0	0.0	0.0	0.0	0.0	2.0	0.08695652173913042	1.0	0.0053191489361702135	3.0	0.01056338028169014	0.0	0.0	0.0	0.0	0.0	0.0	0.0	0.0	0.0	0.0	0.0	0.0	1.0	0.00909090909090909	0.0	0.0	1.0	0.006329113924050633	0.0	0.0	6.0	0.049180327868852465
DB_MAG_00058	0.8965333333333334	0.26596296296296296	20.0	0.13071895424836602	1.0	0.08333333333333333	0.0	0.0	0.0	0.0	3.0	0.015957446808510637	27.0	0.09507042253521128	13.0	0.061611374407582936	0.0	0.0	0.0	0.0	39.0	0.11746987951807228	0.0	0.0	1.0	0.008928571428571428	0.0	0.0	0.0	0.0	10.0	0.06329113924050632	0.0	0.0	1.0	0.008196721311475409
DB_MAG_00059	0.4361333333333333	0.08051851851851852	5.0	0.032679738562091505	0.0	0.0	2.0	0.07142857142857142	1.0	0.043478260869565216	0.0	0.0	22.0	0.07746478873239436	14.0	0.06635071090047394	2.0	0.4	2.0	0.011627906976744186	19.0	0.0572289156626506	0.0	0.0	5.0	0.04464285714285714	0.0	0.0	5.0	0.1388888888888889	3.0	0.0189873417721519	0.0	0.0	3.0	0.024590163934426233
DB_MAG_00060	0.9862	0.8213703703703703	75.0	0.4901960784313725	8.0	0.6666666666666666	0.0	0.0	9.0	0.39130434782608703	82.0	0.4361702127659575	180.0	0.6338028169014085	118.0	0.5592417061611374	4.0	0.8	4.0	0.02325581395348837	236.0	0.7108433734939759	3.0	0.2727272727272727	28.0	0.25	37.0	0.3363636363636364	4.0	0.1111111111111111	81.0	0.5126582278481012	4.0	0.14814814814814814	53.0	0.4344262295081967
DB_MAG_00061	0.8537333333333331	0.7494444444444445	118.0	0.7712418300653595	2.0	0.16666666666666666	0.0	0.0	22.0	0.9565217391304348	46.0	0.24468085106382975	126.0	0.4436619718309859	176.0	0.8341232227488151	0.0	0.0	1.0	0.005813953488372093	75.0	0.2259036144578313	1.0	0.09090909090909093	1.0	0.008928571428571428	33.0	0.3	0.0	0.0	82.0	0.5189873417721519	0.0	0.0	82.0	0.6721311475409836
DB_MAG_00062	0.6605333333333334	0.0481111111111111	94.0	0.6143790849673203	10.0	0.8333333333333334	0.0	0.0	8.0	0.3478260869565217	32.0	0.1702127659574468	172.0	0.6056338028169014	142.0	0.6729857819905213	2.0	0.4	2.0	0.011627906976744186	257.0	0.7740963855421686	3.0	0.2727272727272727	39.0	0.3482142857142857	55.0	0.5	19.0	0.5277777777777778	103.0	0.6518987341772152	5.0	0.1851851851851852	54.0	0.4426229508196721
DB_MAG_00063	0.47473333333333334	0.12051851851851854	12.0	0.0784313725490196	3.0	0.25	0.0	0.0	3.0	0.13043478260869565	29.0	0.15425531914893614	54.0	0.19014084507042253	19.0	0.09004739336492891	2.0	0.4	6.0	0.034883720930232565	23.0	0.06927710843373494	0.0	0.0	27.0	0.24107142857142855	16.0	0.14545454545454545	13.0	0.3611111111111111	22.0	0.13924050632911392	2.0	0.07407407407407407	12.0	0.09836065573770493
DB_MAG_00064	0.5542666666666668	0.3151851851851852	14.0	0.0915032679738562	4.0	0.3333333333333333	0.0	0.0	11.0	0.4782608695652174	4.0	0.02127659574468085	100.0	0.35211267605633795	71.0	0.33649289099526064	0.0	0.0	0.0	0.0	33.0	0.09939759036144577	0.0	0.0	0.0	0.0	1.0	0.00909090909090909	0.0	0.0	26.0	0.16455696202531644	0.0	0.0	27.0	0.22131147540983606
DB_MAG_00065	0.9999333333333333	0.6041851851851852	37.0	0.24183006535947715	4.0	0.3333333333333333	0.0	0.0	3.0	0.13043478260869565	43.0	0.22872340425531915	82.0	0.2887323943661972	47.0	0.2227488151658768	3.0	0.6	14.0	0.08139534883720931	114.0	0.3433734939759036	2.0	0.18181818181818185	61.0	0.5446428571428571	19.0	0.17272727272727273	2.0	0.05555555555555555	19.0	0.12025316455696206	0.0	0.0	14.0	0.11475409836065575
DB_MAG_00066	0.7879333333333334	0.3433703703703703	32.0	0.20915032679738566	1.0	0.08333333333333333	0.0	0.0	6.0	0.2608695652173913	1.0	0.0053191489361702135	77.0	0.2711267605633803	41.0	0.1943127962085308	0.0	0.0	0.0	0.0	28.0	0.08433734939759037	0.0	0.0	0.0	0.0	0.0	0.0	0.0	0.0	39.0	0.2468354430379747	0.0	0.0	14.0	0.11475409836065575
DB_MAG_00067	0.7506666666666667	0.6645185185185185	27.0	0.17647058823529413	0.0	0.0	0.0	0.0	0.0	0.0	0.0	0.0	14.0	0.04929577464788732	13.0	0.061611374407582936	1.0	0.2	0.0	0.0	66.0	0.1987951807228916	0.0	0.0	18.0	0.16071428571428573	0.0	0.0	9.0	0.25	10.0	0.06329113924050632	0.0	0.0	3.0	0.024590163934426233
DB_MAG_00068	0.8347999999999998	0.7422222222222222	79.0	0.5163398692810458	0.0	0.0	0.0	0.0	11.0	0.4782608695652174	7.0	0.03723404255319149	164.0	0.5774647887323944	145.0	0.6872037914691943	1.0	0.2	2.0	0.011627906976744186	179.0	0.5391566265060241	2.0	0.18181818181818185	20.0	0.17857142857142858	59.0	0.5363636363636364	20.0	0.5555555555555556	59.0	0.3734177215189873	2.0	0.07407407407407407	42.0	0.3442622950819672
DB_MAG_00069	0.6587999999999998	0.20822222222222225	35.0	0.2287581699346405	5.0	0.4166666666666667	0.0	0.0	0.0	0.0	14.0	0.07446808510638298	13.0	0.045774647887323945	53.0	0.25118483412322273	1.0	0.2	0.0	0.0	14.0	0.042168674698795185	0.0	0.0	28.0	0.25	0.0	0.0	0.0	0.0	10.0	0.06329113924050632	0.0	0.0	6.0	0.049180327868852465
DB_MAG_00070	0.7677333333333334	0.6352962962962962	74.0	0.4836601307189543	1.0	0.08333333333333333	0.0	0.0	0.0	0.0	0.0	0.0	47.0	0.16549295774647887	56.0	0.2654028436018957	0.0	0.0	1.0	0.005813953488372093	105.0	0.31626506024096385	0.0	0.0	5.0	0.04464285714285714	4.0	0.03636363636363636	1.0	0.027777777777777776	35.0	0.2215189873417721	0.0	0.0	16.0	0.13114754098360654
DB_MAG_00071	0.6376000000000001	0.32533333333333336	3.0	0.0196078431372549	1.0	0.08333333333333333	0.0	0.0	0.0	0.0	0.0	0.0	1.0	0.0035211267605633804	3.0	0.014218009478672985	0.0	0.0	0.0	0.0	1.0	0.0030120481927710845	0.0	0.0	0.0	0.0	1.0	0.00909090909090909	0.0	0.0	3.0	0.0189873417721519	0.0	0.0	0.0	0.0
DB_MAG_00072	0.3940666666666666	0.23188888888888892	4.0	0.026143790849673203	0.0	0.0	0.0	0.0	1.0	0.043478260869565216	0.0	0.0	11.0	0.03873239436619718	8.0	0.03791469194312797	0.0	0.0	0.0	0.0	0.0	0.0	0.0	0.0	0.0	0.0	0.0	0.0	0.0	0.0	0.0	0.0	0.0	0.0	0.0	0.0
DB_MAG_00073	0.9636666666666667	0.10629629629629628	1.0	0.006535947712418301	0.0	0.0	0.0	0.0	0.0	0.0	0.0	0.0	4.0	0.014084507042253518	6.0	0.02843601895734597	0.0	0.0	0.0	0.0	1.0	0.0030120481927710845	0.0	0.0	0.0	0.0	0.0	0.0	0.0	0.0	1.0	0.006329113924050633	0.0	0.0	2.0	0.016393442622950817
DB_MAG_00074	0.24453333333333335	0.3308518518518519	4.0	0.026143790849673203	0.0	0.0	0.0	0.0	0.0	0.0	2.0	0.010638297872340424	3.0	0.01056338028169014	1.0	0.0047393364928909965	0.0	0.0	0.0	0.0	1.0	0.0030120481927710845	0.0	0.0	0.0	0.0	0.0	0.0	0.0	0.0	1.0	0.006329113924050633	0.0	0.0	0.0	0.0
DB_MAG_00075	0.26773333333333327	0.06696296296296296	0.0	0.0	0.0	0.0	0.0	0.0	0.0	0.0	0.0	0.0	1.0	0.0035211267605633804	0.0	0.0	0.0	0.0	0.0	0.0	0.0	0.0	0.0	0.0	4.0	0.03571428571428571	0.0	0.0	7.0	0.19444444444444445	0.0	0.0	0.0	0.0	0.0	0.0
DB_MAG_00076	0.4255333333333333	0.1805185185185185	22.0	0.1437908496732026	4.0	0.3333333333333333	0.0	0.0	6.0	0.2608695652173913	6.0	0.031914893617021274	105.0	0.3697183098591549	40.0	0.1895734597156398	0.0	0.0	0.0	0.0	50.0	0.15060240963855426	0.0	0.0	0.0	0.0	0.0	0.0	0.0	0.0	29.0	0.1835443037974684	0.0	0.0	11.0	0.09016393442622953
DB_MAG_00077	0.6992666666666667	0.5581851851851852	46.0	0.3006535947712418	1.0	0.08333333333333333	2.0	0.07142857142857142	11.0	0.4782608695652174	8.0	0.0425531914893617	177.0	0.6232394366197183	96.0	0.4549763033175355	4.0	0.8	4.0	0.02325581395348837	130.0	0.39156626506024095	0.0	0.0	21.0	0.1875	74.0	0.6727272727272727	21.0	0.5833333333333334	42.0	0.26582278481012656	10.0	0.3703703703703704	24.0	0.19672131147540986
DB_MAG_00078	0.8099333333333334	0.6532222222222224	57.0	0.3725490196078432	9.0	0.75	2.0	0.07142857142857142	19.0	0.8260869565217391	105.0	0.5585106382978723	209.0	0.7359154929577465	119.0	0.5639810426540285	5.0	1.0	12.0	0.06976744186046513	258.0	0.7771084337349398	2.0	0.18181818181818185	34.0	0.3035714285714285	104.0	0.9454545454545454	19.0	0.5277777777777778	75.0	0.4746835443037974	17.0	0.6296296296296297	76.0	0.6229508196721312
DB_MAG_00079	0.8533333333333334	0.0039259259259259265	0.0	0.0	0.0	0.0	0.0	0.0	0.0	0.0	0.0	0.0	2.0	0.007042253521126761	2.0	0.009478672985781993	1.0	0.2	2.0	0.011627906976744186	3.0	0.009036144578313251	0.0	0.0	3.0	0.026785714285714284	0.0	0.0	12.0	0.3333333333333333	0.0	0.0	0.0	0.0	1.0	0.008196721311475409
DB_MAG_00080	0.5687999999999999	0.568925925925926	73.0	0.477124183006536	11.0	0.9166666666666666	0.0	0.0	12.0	0.5217391304347826	86.0	0.4574468085106383	229.0	0.8063380281690141	142.0	0.6729857819905213	3.0	0.6	4.0	0.02325581395348837	277.0	0.8343373493975904	5.0	0.4545454545454545	19.0	0.16964285714285715	75.0	0.6818181818181818	14.0	0.3888888888888889	99.0	0.6265822784810127	9.0	0.3333333333333333	58.0	0.4754098360655738
DB_MAG_00081	0.5391333333333334	0.6689259259259259	38.0	0.24836601307189546	4.0	0.3333333333333333	0.0	0.0	16.0	0.6956521739130435	26.0	0.13829787234042554	108.0	0.38028169014084506	137.0	0.6492890995260664	0.0	0.0	0.0	0.0	118.0	0.35542168674698793	1.0	0.09090909090909093	0.0	0.0	25.0	0.2272727272727273	0.0	0.0	71.0	0.4493670886075949	0.0	0.0	40.0	0.3278688524590164
DB_MAG_00082	0.9791333333333333	0.2661111111111111	3.0	0.0196078431372549	0.0	0.0	0.0	0.0	0.0	0.0	1.0	0.0053191489361702135	5.0	0.017605633802816902	3.0	0.014218009478672985	0.0	0.0	0.0	0.0	4.0	0.012048192771084338	0.0	0.0	2.0	0.017857142857142856	0.0	0.0	7.0	0.19444444444444445	6.0	0.0379746835443038	0.0	0.0	4.0	0.032786885245901634
DB_MAG_00083	0.5667333333333333	0.19574074074074077	3.0	0.0196078431372549	0.0	0.0	0.0	0.0	0.0	0.0	2.0	0.010638297872340424	12.0	0.04225352112676056	9.0	0.04265402843601896	0.0	0.0	4.0	0.02325581395348837	17.0	0.05120481927710843	0.0	0.0	2.0	0.017857142857142856	0.0	0.0	4.0	0.1111111111111111	1.0	0.006329113924050633	0.0	0.0	0.0	0.0
DB_MAG_00084	0.35346666666666665	0.5677777777777777	39.0	0.2549019607843137	3.0	0.25	2.0	0.07142857142857142	4.0	0.17391304347826084	49.0	0.26063829787234044	76.0	0.2676056338028169	44.0	0.20853080568720375	2.0	0.4	23.0	0.13372093023255813	65.0	0.19578313253012047	2.0	0.18181818181818185	35.0	0.3125	30.0	0.2727272727272727	19.0	0.5277777777777778	23.0	0.14556962025316456	9.0	0.3333333333333333	8.0	0.06557377049180327
DB_MAG_00085	0.9487333333333334	0.213962962962963	7.0	0.0457516339869281	1.0	0.08333333333333333	0.0	0.0	0.0	0.0	6.0	0.031914893617021274	32.0	0.11267605633802814	23.0	0.10900473933649288	0.0	0.0	4.0	0.02325581395348837	52.0	0.1566265060240964	0.0	0.0	4.0	0.03571428571428571	1.0	0.00909090909090909	5.0	0.1388888888888889	3.0	0.0189873417721519	5.0	0.1851851851851852	3.0	0.024590163934426233
DB_MAG_00086	0.5749333333333334	0.43262962962962964	75.0	0.4901960784313725	3.0	0.25	0.0	0.0	22.0	0.9565217391304348	31.0	0.16489361702127658	215.0	0.7570422535211268	105.0	0.4976303317535545	0.0	0.0	0.0	0.0	118.0	0.35542168674698793	4.0	0.3636363636363637	0.0	0.0	29.0	0.2636363636363636	0.0	0.0	102.0	0.6455696202531646	0.0	0.0	55.0	0.4508196721311475
DB_MAG_00087	0.3506666666666666	0.2911851851851852	89.0	0.5816993464052288	1.0	0.08333333333333333	1.0	0.03571428571428571	2.0	0.08695652173913042	14.0	0.07446808510638298	38.0	0.13380281690140844	38.0	0.18009478672985782	0.0	0.0	0.0	0.0	43.0	0.12951807228915665	1.0	0.09090909090909093	5.0	0.04464285714285714	34.0	0.3090909090909091	1.0	0.027777777777777776	31.0	0.1962025316455696	0.0	0.0	12.0	0.09836065573770493
DB_MAG_00088	0.4723333333333333	0.542111111111111	21.0	0.13725490196078433	2.0	0.16666666666666666	0.0	0.0	3.0	0.13043478260869565	44.0	0.23404255319148934	59.0	0.20774647887323944	41.0	0.1943127962085308	1.0	0.2	13.0	0.0755813953488372	60.0	0.18072289156626506	2.0	0.18181818181818185	34.0	0.3035714285714285	9.0	0.08181818181818183	3.0	0.08333333333333333	9.0	0.0569620253164557	0.0	0.0	19.0	0.1557377049180328
DB_MAG_00089	0.9345999999999999	0.8782222222222223	100.0	0.6535947712418301	9.0	0.75	0.0	0.0	5.0	0.21739130434782608	11.0	0.058510638297872335	110.0	0.3873239436619718	112.0	0.5308056872037915	2.0	0.4	0.0	0.0	193.0	0.5813253012048193	4.0	0.3636363636363637	20.0	0.17857142857142858	40.0	0.3636363636363637	7.0	0.19444444444444445	94.0	0.5949367088607594	5.0	0.1851851851851852	50.0	0.4098360655737705
DB_MAG_00090	0.8095333333333332	0.6117777777777778	79.0	0.5163398692810458	7.0	0.5833333333333334	0.0	0.0	10.0	0.43478260869565216	14.0	0.07446808510638298	158.0	0.5563380281690141	121.0	0.5734597156398105	1.0	0.2	1.0	0.005813953488372093	197.0	0.5933734939759037	0.0	0.0	20.0	0.17857142857142858	31.0	0.2818181818181818	1.0	0.027777777777777776	47.0	0.2974683544303797	0.0	0.0	41.0	0.3360655737704918
DB_MAG_00091	0.8448	0.11940740740740742	5.0	0.032679738562091505	0.0	0.0	0.0	0.0	0.0	0.0	2.0	0.010638297872340424	7.0	0.02464788732394366	3.0	0.014218009478672985	0.0	0.0	0.0	0.0	21.0	0.06325301204819278	0.0	0.0	3.0	0.026785714285714284	0.0	0.0	1.0	0.027777777777777776	0.0	0.0	2.0	0.07407407407407407	1.0	0.008196721311475409
DB_MAG_00092	0.5829333333333334	0.41048148148148145	48.0	0.3137254901960784	0.0	0.0	0.0	0.0	0.0	0.0	0.0	0.0	6.0	0.02112676056338028	37.0	0.17535545023696686	0.0	0.0	0.0	0.0	57.0	0.1716867469879518	0.0	0.0	16.0	0.14285714285714285	0.0	0.0	5.0	0.1388888888888889	13.0	0.08227848101265822	11.0	0.4074074074074074	7.0	0.05737704918032788
DB_MAG_00093	0.41419999999999996	0.13707407407407407	1.0	0.006535947712418301	0.0	0.0	0.0	0.0	0.0	0.0	0.0	0.0	6.0	0.02112676056338028	2.0	0.009478672985781993	0.0	0.0	0.0	0.0	0.0	0.0	0.0	0.0	0.0	0.0	2.0	0.01818181818181818	2.0	0.05555555555555555	1.0	0.006329113924050633	0.0	0.0	3.0	0.024590163934426233
DB_MAG_00094	0.5037999999999999	0.5032222222222222	64.0	0.4183006535947713	0.0	0.0	0.0	0.0	13.0	0.5652173913043478	51.0	0.2712765957446808	172.0	0.6056338028169014	129.0	0.6113744075829384	1.0	0.2	2.0	0.011627906976744186	141.0	0.4246987951807229	3.0	0.2727272727272727	5.0	0.04464285714285714	77.0	0.7	11.0	0.3055555555555556	77.0	0.4873417721518987	0.0	0.0	33.0	0.2704918032786885
DB_MAG_00095	0.4718666666666667	0.37074074074074076	43.0	0.2810457516339869	1.0	0.08333333333333333	0.0	0.0	11.0	0.4782608695652174	5.0	0.026595744680851064	74.0	0.2605633802816901	62.0	0.2938388625592417	0.0	0.0	0.0	0.0	27.0	0.08132530120481928	0.0	0.0	0.0	0.0	11.0	0.1	0.0	0.0	56.0	0.35443037974683544	0.0	0.0	37.0	0.30327868852459017
DB_MAG_00096	0.8765333333333332	0.8041481481481482	41.0	0.2679738562091503	4.0	0.3333333333333333	0.0	0.0	2.0	0.08695652173913042	64.0	0.3404255319148936	29.0	0.10211267605633803	37.0	0.17535545023696686	1.0	0.2	0.0	0.0	86.0	0.25903614457831325	0.0	0.0	12.0	0.10714285714285714	7.0	0.06363636363636363	5.0	0.1388888888888889	38.0	0.2405063291139241	3.0	0.1111111111111111	11.0	0.09016393442622953
DB_MAG_00097	0.7688666666666667	0.10866666666666666	3.0	0.0196078431372549	0.0	0.0	0.0	0.0	0.0	0.0	0.0	0.0	5.0	0.017605633802816902	0.0	0.0	0.0	0.0	0.0	0.0	3.0	0.009036144578313251	0.0	0.0	0.0	0.0	0.0	0.0	0.0	0.0	2.0	0.012658227848101266	0.0	0.0	2.0	0.016393442622950817
DB_MAG_00098	0.25206666666666666	0.039444444444444435	23.0	0.1503267973856209	0.0	0.0	0.0	0.0	4.0	0.17391304347826084	19.0	0.10106382978723404	31.0	0.10915492957746477	14.0	0.06635071090047394	0.0	0.0	4.0	0.02325581395348837	33.0	0.09939759036144577	0.0	0.0	3.0	0.026785714285714284	11.0	0.1	6.0	0.16666666666666666	10.0	0.06329113924050632	0.0	0.0	11.0	0.09016393442622953
DB_MAG_00099	0.8512666666666668	0.04281481481481481	0.0	0.0	0.0	0.0	0.0	0.0	0.0	0.0	0.0	0.0	0.0	0.0	0.0	0.0	0.0	0.0	0.0	0.0	0.0	0.0	0.0	0.0	0.0	0.0	0.0	0.0	0.0	0.0	0.0	0.0	0.0	0.0	0.0	0.0
DB_MAG_00100	0.8966666666666667	0.14051851851851851	10.0	0.06535947712418301	0.0	0.0	0.0	0.0	5.0	0.21739130434782608	9.0	0.04787234042553192	43.0	0.15140845070422534	20.0	0.0947867298578199	1.0	0.2	11.0	0.06395348837209303	68.0	0.20481927710843373	1.0	0.09090909090909093	10.0	0.08928571428571429	6.0	0.054545454545454536	10.0	0.2777777777777778	7.0	0.04430379746835443	1.0	0.037037037037037035	7.0	0.05737704918032788
DB_MAG_00101	0.6939333333333334	0.6048518518518519	73.0	0.477124183006536	4.0	0.3333333333333333	0.0	0.0	22.0	0.9565217391304348	88.0	0.4680851063829787	202.0	0.7112676056338029	132.0	0.6255924170616114	0.0	0.0	0.0	0.0	146.0	0.4397590361445783	4.0	0.3636363636363637	0.0	0.0	50.0	0.4545454545454545	0.0	0.0	120.0	0.7594936708860759	0.0	0.0	99.0	0.8114754098360656
DB_MAG_00102	0.14753333333333335	0.3255555555555556	126.0	0.8235294117647058	12.0	1.0	3.0	0.10714285714285714	23.0	1.0	186.0	0.9893617021276596	274.0	0.9647887323943662	201.0	0.95260663507109	1.0	0.2	20.0	0.11627906976744184	328.0	0.9879518072289156	8.0	0.7272727272727273	22.0	0.19642857142857145	101.0	0.9181818181818182	6.0	0.16666666666666666	153.0	0.9683544303797468	0.0	0.0	116.0	0.9508196721311476
DB_MAG_00103	0.7585999999999999	0.6732592592592594	58.0	0.3790849673202614	1.0	0.08333333333333333	0.0	0.0	12.0	0.5217391304347826	34.0	0.18085106382978725	44.0	0.15492957746478872	92.0	0.4360189573459716	0.0	0.0	0.0	0.0	99.0	0.2981927710843373	0.0	0.0	1.0	0.008928571428571428	20.0	0.18181818181818185	0.0	0.0	78.0	0.4936708860759494	0.0	0.0	46.0	0.3770491803278688
DB_MAG_00104	0.9970666666666668	0.31529629629629635	10.0	0.06535947712418301	0.0	0.0	0.0	0.0	2.0	0.08695652173913042	0.0	0.0	31.0	0.10915492957746477	15.0	0.07109004739336493	0.0	0.0	0.0	0.0	14.0	0.042168674698795185	0.0	0.0	3.0	0.026785714285714284	1.0	0.00909090909090909	3.0	0.08333333333333333	9.0	0.0569620253164557	0.0	0.0	2.0	0.016393442622950817
DB_MAG_00105	0.7362000000000001	0.3041481481481481	16.0	0.1045751633986928	0.0	0.0	0.0	0.0	7.0	0.3043478260869565	3.0	0.015957446808510637	72.0	0.2535211267605634	34.0	0.16113744075829384	0.0	0.0	2.0	0.011627906976744186	57.0	0.1716867469879518	0.0	0.0	20.0	0.17857142857142858	0.0	0.0	15.0	0.4166666666666667	4.0	0.02531645569620253	4.0	0.14814814814814814	10.0	0.08196721311475409
DB_MAG_00106	0.8872666666666668	0.024074074074074074	19.0	0.12418300653594773	1.0	0.08333333333333333	0.0	0.0	5.0	0.21739130434782608	8.0	0.0425531914893617	69.0	0.24295774647887325	56.0	0.2654028436018957	0.0	0.0	8.0	0.04651162790697674	63.0	0.1897590361445783	1.0	0.09090909090909093	8.0	0.07142857142857142	4.0	0.03636363636363636	10.0	0.2777777777777778	6.0	0.0379746835443038	3.0	0.1111111111111111	9.0	0.07377049180327869
DB_MAG_00107	0.6326666666666667	0.5678148148148148	9.0	0.05882352941176471	0.0	0.0	0.0	0.0	0.0	0.0	2.0	0.010638297872340424	50.0	0.17605633802816897	17.0	0.08056872037914692	4.0	0.8	1.0	0.005813953488372093	67.0	0.20180722891566266	0.0	0.0	41.0	0.36607142857142855	71.0	0.6454545454545455	8.0	0.2222222222222222	11.0	0.06962025316455696	4.0	0.14814814814814814	5.0	0.04098360655737705
DB_MAG_00108	0.44146666666666673	0.21085185185185187	24.0	0.1568627450980392	2.0	0.16666666666666666	0.0	0.0	5.0	0.21739130434782608	9.0	0.04787234042553192	82.0	0.2887323943661972	68.0	0.3222748815165877	2.0	0.4	1.0	0.005813953488372093	43.0	0.12951807228915665	1.0	0.09090909090909093	8.0	0.07142857142857142	35.0	0.3181818181818182	10.0	0.2777777777777778	19.0	0.12025316455696206	1.0	0.037037037037037035	14.0	0.11475409836065575
DB_MAG_00109	0.8868000000000001	0.3446296296296296	2.0	0.013071895424836602	0.0	0.0	0.0	0.0	0.0	0.0	0.0	0.0	12.0	0.04225352112676056	3.0	0.014218009478672985	0.0	0.0	0.0	0.0	0.0	0.0	0.0	0.0	0.0	0.0	0.0	0.0	0.0	0.0	0.0	0.0	0.0	0.0	0.0	0.0
DB_MAG_00110	0.9998666666666668	0.835111111111111	89.0	0.5816993464052288	11.0	0.9166666666666666	1.0	0.03571428571428571	20.0	0.8695652173913043	142.0	0.7553191489361702	223.0	0.7852112676056338	162.0	0.7677725118483413	3.0	0.6	50.0	0.2906976744186047	285.0	0.858433734939759	3.0	0.2727272727272727	77.0	0.6875	46.0	0.41818181818181815	21.0	0.5833333333333334	109.0	0.689873417721519	1.0	0.037037037037037035	88.0	0.7213114754098361
DB_MAG_00111	0.7710666666666667	0.48281481481481486	42.0	0.27450980392156865	1.0	0.08333333333333333	0.0	0.0	13.0	0.5652173913043478	27.0	0.14361702127659576	148.0	0.5211267605633803	74.0	0.3507109004739337	5.0	1.0	2.0	0.011627906976744186	153.0	0.4608433734939759	0.0	0.0	14.0	0.125	80.0	0.7272727272727273	12.0	0.3333333333333333	46.0	0.2911392405063291	4.0	0.14814814814814814	32.0	0.26229508196721313
DB_MAG_00112	0.9086000000000001	0.7658888888888887	88.0	0.5751633986928104	10.0	0.8333333333333334	4.0	0.14285714285714285	18.0	0.7826086956521741	103.0	0.5478723404255319	239.0	0.8415492957746479	169.0	0.8009478672985783	5.0	1.0	40.0	0.2325581395348837	267.0	0.8042168674698795	3.0	0.2727272727272727	51.0	0.4553571428571429	105.0	0.9545454545454546	33.0	0.9166666666666666	80.0	0.5063291139240507	22.0	0.8148148148148148	73.0	0.5983606557377049
DB_MAG_00113	0.9389333333333334	0.6954444444444443	83.0	0.5424836601307189	9.0	0.75	2.0	0.07142857142857142	18.0	0.7826086956521741	93.0	0.4946808510638298	210.0	0.7394366197183099	161.0	0.7630331753554502	3.0	0.6	7.0	0.040697674418604654	205.0	0.6174698795180723	3.0	0.2727272727272727	39.0	0.3482142857142857	62.0	0.5636363636363636	5.0	0.1388888888888889	90.0	0.569620253164557	4.0	0.14814814814814814	69.0	0.5655737704918032
DB_MAG_00114	0.3021333333333333	0.43725925925925924	12.0	0.0784313725490196	7.0	0.5833333333333334	0.0	0.0	8.0	0.3478260869565217	32.0	0.1702127659574468	109.0	0.3838028169014085	77.0	0.3649289099526066	0.0	0.0	0.0	0.0	75.0	0.2259036144578313	0.0	0.0	0.0	0.0	3.0	0.027272727272727268	0.0	0.0	61.0	0.3860759493670886	0.0	0.0	23.0	0.1885245901639344
DB_MAG_00115	0.4036	0.641148148148148	76.0	0.4967320261437909	12.0	1.0	0.0	0.0	18.0	0.7826086956521741	147.0	0.7819148936170213	231.0	0.8133802816901409	107.0	0.5071090047393365	4.0	0.8	1.0	0.005813953488372093	272.0	0.8192771084337349	5.0	0.4545454545454545	30.0	0.26785714285714285	96.0	0.8727272727272727	3.0	0.08333333333333333	110.0	0.6962025316455697	3.0	0.1111111111111111	53.0	0.4344262295081967
DB_MAG_00116	0.9906666666666669	0.9668148148148148	120.0	0.7843137254901961	5.0	0.4166666666666667	6.0	0.21428571428571427	19.0	0.8260869565217391	43.0	0.22872340425531915	195.0	0.6866197183098591	163.0	0.7725118483412322	5.0	1.0	37.0	0.21511627906976746	288.0	0.8674698795180723	7.0	0.6363636363636364	99.0	0.8839285714285714	108.0	0.9818181818181818	33.0	0.9166666666666666	123.0	0.7784810126582279	8.0	0.2962962962962963	73.0	0.5983606557377049
DB_MAG_00117	0.5998	0.6285555555555555	7.0	0.0457516339869281	0.0	0.0	0.0	0.0	1.0	0.043478260869565216	6.0	0.031914893617021274	26.0	0.09154929577464788	13.0	0.061611374407582936	0.0	0.0	1.0	0.005813953488372093	22.0	0.06626506024096386	0.0	0.0	12.0	0.10714285714285714	3.0	0.027272727272727268	8.0	0.2222222222222222	8.0	0.05063291139240506	2.0	0.07407407407407407	6.0	0.049180327868852465
DB_MAG_00118	0.36133333333333345	0.07748148148148147	0.0	0.0	0.0	0.0	0.0	0.0	0.0	0.0	1.0	0.0053191489361702135	1.0	0.0035211267605633804	2.0	0.009478672985781993	0.0	0.0	1.0	0.005813953488372093	1.0	0.0030120481927710845	0.0	0.0	0.0	0.0	0.0	0.0	2.0	0.05555555555555555	0.0	0.0	0.0	0.0	0.0	0.0
DB_MAG_00119	0.9827333333333336	0.7354444444444446	44.0	0.2875816993464052	1.0	0.08333333333333333	0.0	0.0	0.0	0.0	0.0	0.0	43.0	0.15140845070422534	61.0	0.2890995260663507	0.0	0.0	0.0	0.0	106.0	0.3192771084337349	0.0	0.0	5.0	0.04464285714285714	4.0	0.03636363636363636	3.0	0.08333333333333333	23.0	0.14556962025316456	1.0	0.037037037037037035	9.0	0.07377049180327869
DB_MAG_00120	0.9823333333333334	0.9181851851851852	77.0	0.5032679738562091	9.0	0.75	0.0	0.0	19.0	0.8260869565217391	69.0	0.3670212765957447	221.0	0.7781690140845071	162.0	0.7677725118483413	0.0	0.0	4.0	0.02325581395348837	271.0	0.8162650602409639	2.0	0.18181818181818185	7.0	0.0625	25.0	0.2272727272727273	1.0	0.027777777777777776	112.0	0.7088607594936709	0.0	0.0	46.0	0.3770491803278688
DB_MAG_00121	0.5502000000000001	0.288	11.0	0.0718954248366013	0.0	0.0	0.0	0.0	1.0	0.043478260869565216	0.0	0.0	16.0	0.056338028169014086	23.0	0.10900473933649288	0.0	0.0	0.0	0.0	10.0	0.030120481927710843	0.0	0.0	0.0	0.0	0.0	0.0	0.0	0.0	5.0	0.03164556962025317	0.0	0.0	6.0	0.049180327868852465
DB_MAG_00122	0.9350666666666666	0.2502592592592593	29.0	0.1895424836601307	4.0	0.3333333333333333	0.0	0.0	4.0	0.17391304347826084	15.0	0.0797872340425532	60.0	0.2112676056338028	43.0	0.2037914691943128	0.0	0.0	6.0	0.034883720930232565	63.0	0.1897590361445783	2.0	0.18181818181818185	13.0	0.11607142857142858	4.0	0.03636363636363636	10.0	0.2777777777777778	17.0	0.10759493670886076	1.0	0.037037037037037035	7.0	0.05737704918032788
DB_MAG_00123	0.2952	0.20796296296296302	5.0	0.032679738562091505	0.0	0.0	0.0	0.0	2.0	0.08695652173913042	1.0	0.0053191489361702135	9.0	0.03169014084507042	6.0	0.02843601895734597	0.0	0.0	2.0	0.011627906976744186	25.0	0.07530120481927711	0.0	0.0	10.0	0.08928571428571429	0.0	0.0	6.0	0.16666666666666666	1.0	0.006329113924050633	0.0	0.0	5.0	0.04098360655737705
DB_MAG_00124	0.44079999999999997	0.6326296296296294	53.0	0.3464052287581699	10.0	0.8333333333333334	0.0	0.0	21.0	0.9130434782608696	127.0	0.6755319148936171	259.0	0.9119718309859156	179.0	0.8483412322274881	0.0	0.0	3.0	0.017441860465116282	294.0	0.8855421686746988	3.0	0.2727272727272727	13.0	0.11607142857142858	58.0	0.5272727272727272	2.0	0.05555555555555555	124.0	0.7848101265822784	0.0	0.0	77.0	0.6311475409836066
DB_MAG_00125	0.9984000000000001	0.7056296296296297	56.0	0.3660130718954248	2.0	0.16666666666666666	0.0	0.0	9.0	0.39130434782608703	25.0	0.13297872340425532	165.0	0.5809859154929577	122.0	0.5781990521327014	5.0	1.0	12.0	0.06976744186046513	138.0	0.4156626506024096	0.0	0.0	31.0	0.2767857142857143	68.0	0.6181818181818182	29.0	0.8055555555555556	42.0	0.26582278481012656	11.0	0.4074074074074074	37.0	0.30327868852459017
DB_MAG_00126	0.7266666666666667	0.4714814814814815	27.0	0.17647058823529413	9.0	0.75	0.0	0.0	16.0	0.6956521739130435	113.0	0.6010638297872339	185.0	0.6514084507042254	57.0	0.27014218009478674	2.0	0.4	5.0	0.02906976744186046	183.0	0.5512048192771084	3.0	0.2727272727272727	19.0	0.16964285714285715	32.0	0.2909090909090909	4.0	0.1111111111111111	66.0	0.4177215189873418	0.0	0.0	43.0	0.3524590163934426
DB_MAG_00127	0.22666666666666666	0.2421481481481481	3.0	0.0196078431372549	0.0	0.0	0.0	0.0	0.0	0.0	0.0	0.0	29.0	0.10211267605633803	2.0	0.009478672985781993	0.0	0.0	0.0	0.0	9.0	0.02710843373493976	0.0	0.0	0.0	0.0	0.0	0.0	0.0	0.0	7.0	0.04430379746835443	0.0	0.0	1.0	0.008196721311475409
DB_MAG_00128	0.5742	0.2786666666666667	52.0	0.33986928104575165	0.0	0.0	0.0	0.0	1.0	0.043478260869565216	1.0	0.0053191489361702135	42.0	0.14788732394366194	29.0	0.13744075829383887	0.0	0.0	6.0	0.034883720930232565	29.0	0.08734939759036145	0.0	0.0	15.0	0.13392857142857142	75.0	0.6818181818181818	5.0	0.1388888888888889	12.0	0.0759493670886076	0.0	0.0	7.0	0.05737704918032788
DB_MAG_00129	0.9945999999999999	0.3844814814814815	35.0	0.2287581699346405	3.0	0.25	0.0	0.0	9.0	0.39130434782608703	26.0	0.13829787234042554	76.0	0.2676056338028169	56.0	0.2654028436018957	2.0	0.4	15.0	0.0872093023255814	91.0	0.2740963855421687	0.0	0.0	22.0	0.19642857142857145	11.0	0.1	16.0	0.4444444444444444	32.0	0.20253164556962025	0.0	0.0	22.0	0.18032786885245905
DB_MAG_00130	0.6917333333333334	0.15303703703703705	41.0	0.2679738562091503	1.0	0.08333333333333333	0.0	0.0	7.0	0.3043478260869565	33.0	0.17553191489361702	69.0	0.24295774647887325	46.0	0.21800947867298576	1.0	0.2	2.0	0.011627906976744186	87.0	0.2620481927710843	1.0	0.09090909090909093	6.0	0.05357142857142857	7.0	0.06363636363636363	14.0	0.3888888888888889	23.0	0.14556962025316456	2.0	0.07407407407407407	24.0	0.19672131147540986
DB_MAG_00131	0.9225333333333334	0.32862962962962966	36.0	0.2352941176470588	5.0	0.4166666666666667	0.0	0.0	0.0	0.0	21.0	0.11170212765957446	8.0	0.028169014084507043	56.0	0.2654028436018957	3.0	0.6	0.0	0.0	77.0	0.2319277108433735	0.0	0.0	29.0	0.25892857142857145	0.0	0.0	2.0	0.05555555555555555	16.0	0.10126582278481013	0.0	0.0	4.0	0.032786885245901634
DB_MAG_00132	0.9627333333333332	0.6458888888888888	47.0	0.3071895424836601	8.0	0.6666666666666666	0.0	0.0	18.0	0.7826086956521741	86.0	0.4574468085106383	180.0	0.6338028169014085	102.0	0.4834123222748815	0.0	0.0	28.0	0.16279069767441862	176.0	0.5301204819277109	3.0	0.2727272727272727	56.0	0.5	48.0	0.4363636363636363	7.0	0.19444444444444445	66.0	0.4177215189873418	0.0	0.0	59.0	0.4836065573770492
DB_MAG_00133	0.9995999999999999	0.8156296296296297	61.0	0.3986928104575164	5.0	0.4166666666666667	1.0	0.03571428571428571	12.0	0.5217391304347826	34.0	0.18085106382978725	177.0	0.6232394366197183	123.0	0.5829383886255924	5.0	1.0	40.0	0.2325581395348837	175.0	0.5271084337349398	1.0	0.09090909090909093	44.0	0.3928571428571429	96.0	0.8727272727272727	33.0	0.9166666666666666	38.0	0.2405063291139241	12.0	0.4444444444444444	30.0	0.2459016393442623
DB_MAG_00134	0.3630666666666667	0.22237037037037033	3.0	0.0196078431372549	0.0	0.0	0.0	0.0	0.0	0.0	0.0	0.0	6.0	0.02112676056338028	6.0	0.02843601895734597	0.0	0.0	0.0	0.0	0.0	0.0	0.0	0.0	0.0	0.0	0.0	0.0	0.0	0.0	0.0	0.0	0.0	0.0	0.0	0.0
DB_MAG_00135	0.6420666666666667	0.7861481481481479	95.0	0.6209150326797386	10.0	0.8333333333333334	3.0	0.10714285714285714	20.0	0.8695652173913043	143.0	0.7606382978723404	236.0	0.8309859154929577	142.0	0.6729857819905213	5.0	1.0	40.0	0.2325581395348837	255.0	0.7680722891566265	5.0	0.4545454545454545	85.0	0.7589285714285714	95.0	0.8636363636363636	13.0	0.3611111111111111	105.0	0.6645569620253164	5.0	0.1851851851851852	85.0	0.6967213114754098
DB_MAG_00136	0.4658	0.07118518518518517	0.0	0.0	0.0	0.0	0.0	0.0	0.0	0.0	0.0	0.0	2.0	0.007042253521126761	0.0	0.0	0.0	0.0	0.0	0.0	2.0	0.006024096385542169	0.0	0.0	1.0	0.008928571428571428	0.0	0.0	7.0	0.19444444444444445	0.0	0.0	0.0	0.0	0.0	0.0
DB_MAG_00137	0.8292	0.7206666666666666	97.0	0.6339869281045751	8.0	0.6666666666666666	0.0	0.0	19.0	0.8260869565217391	91.0	0.4840425531914894	131.0	0.4612676056338028	148.0	0.7014218009478673	0.0	0.0	0.0	0.0	143.0	0.4307228915662651	3.0	0.2727272727272727	1.0	0.008928571428571428	26.0	0.2363636363636364	0.0	0.0	106.0	0.6708860759493671	0.0	0.0	79.0	0.6475409836065574
DB_MAG_00138	0.4334	0.5447407407407406	50.0	0.32679738562091504	0.0	0.0	0.0	0.0	14.0	0.6086956521739131	14.0	0.07446808510638298	55.0	0.1936619718309859	27.0	0.12796208530805686	0.0	0.0	0.0	0.0	7.0	0.021084337349397592	0.0	0.0	0.0	0.0	4.0	0.03636363636363636	0.0	0.0	31.0	0.1962025316455696	0.0	0.0	18.0	0.14754098360655735
DB_MAG_00139	0.9763999999999999	0.6433703703703705	26.0	0.16993464052287582	3.0	0.25	0.0	0.0	5.0	0.21739130434782608	31.0	0.16489361702127658	92.0	0.323943661971831	35.0	0.16587677725118485	0.0	0.0	10.0	0.05813953488372092	114.0	0.3433734939759036	2.0	0.18181818181818185	17.0	0.15178571428571427	12.0	0.10909090909090907	11.0	0.3055555555555556	38.0	0.2405063291139241	0.0	0.0	24.0	0.19672131147540986
DB_MAG_00140	0.06853333333333333	0.003666666666666667	12.0	0.0784313725490196	0.0	0.0	0.0	0.0	2.0	0.08695652173913042	9.0	0.04787234042553192	32.0	0.11267605633802814	12.0	0.05687203791469194	1.0	0.2	1.0	0.005813953488372093	75.0	0.2259036144578313	0.0	0.0	2.0	0.017857142857142856	5.0	0.045454545454545456	5.0	0.1388888888888889	11.0	0.06962025316455696	7.0	0.25925925925925924	6.0	0.049180327868852465
DB_MAG_00141	0.10446666666666664	0.027185185185185184	15.0	0.09803921568627452	1.0	0.08333333333333333	0.0	0.0	2.0	0.08695652173913042	6.0	0.031914893617021274	15.0	0.0528169014084507	21.0	0.0995260663507109	0.0	0.0	0.0	0.0	37.0	0.11144578313253012	0.0	0.0	3.0	0.026785714285714284	0.0	0.0	2.0	0.05555555555555555	6.0	0.0379746835443038	0.0	0.0	2.0	0.016393442622950817
DB_MAG_00142	0.34086666666666665	0.38411111111111107	84.0	0.5490196078431373	11.0	0.9166666666666666	0.0	0.0	16.0	0.6956521739130435	89.0	0.4734042553191489	199.0	0.7007042253521126	111.0	0.5260663507109005	1.0	0.2	14.0	0.08139534883720931	221.0	0.6656626506024096	3.0	0.2727272727272727	41.0	0.36607142857142855	61.0	0.5545454545454546	8.0	0.2222222222222222	87.0	0.5506329113924051	6.0	0.2222222222222222	79.0	0.6475409836065574
DB_MAG_00143	0.7276666666666667	0.08199999999999998	25.0	0.16339869281045752	3.0	0.25	0.0	0.0	8.0	0.3478260869565217	0.0	0.0	116.0	0.4084507042253521	39.0	0.1848341232227488	2.0	0.4	2.0	0.011627906976744186	48.0	0.14457831325301204	0.0	0.0	27.0	0.24107142857142855	3.0	0.027272727272727268	5.0	0.1388888888888889	11.0	0.06962025316455696	0.0	0.0	10.0	0.08196721311475409
DB_MAG_00144	0.41819999999999996	0.4902222222222222	53.0	0.3464052287581699	1.0	0.08333333333333333	0.0	0.0	16.0	0.6956521739130435	18.0	0.09574468085106384	83.0	0.29225352112676056	52.0	0.2464454976303317	0.0	0.0	0.0	0.0	46.0	0.13855421686746988	1.0	0.09090909090909093	0.0	0.0	11.0	0.1	0.0	0.0	85.0	0.5379746835443038	0.0	0.0	38.0	0.3114754098360656
DB_MAG_00145	0.9914000000000001	0.8331111111111112	130.0	0.8496732026143791	10.0	0.8333333333333334	0.0	0.0	19.0	0.8260869565217391	106.0	0.5638297872340425	198.0	0.6971830985915493	154.0	0.7298578199052133	0.0	0.0	3.0	0.017441860465116282	271.0	0.8162650602409639	3.0	0.2727272727272727	10.0	0.08928571428571429	19.0	0.17272727272727273	6.0	0.16666666666666666	93.0	0.5886075949367089	0.0	0.0	89.0	0.7295081967213115
DB_MAG_00146	0.7968	0.7461851851851852	30.0	0.19607843137254904	0.0	0.0	0.0	0.0	16.0	0.6956521739130435	12.0	0.06382978723404255	116.0	0.4084507042253521	90.0	0.4265402843601896	0.0	0.0	0.0	0.0	87.0	0.2620481927710843	0.0	0.0	0.0	0.0	6.0	0.054545454545454536	0.0	0.0	65.0	0.4113924050632912	0.0	0.0	28.0	0.2295081967213115
DB_MAG_00147	0.9782000000000001	0.8515555555555555	106.0	0.6928104575163399	9.0	0.75	7.0	0.25	22.0	0.9565217391304348	125.0	0.6648936170212766	245.0	0.8626760563380281	150.0	0.7109004739336493	5.0	1.0	51.0	0.2965116279069768	283.0	0.8524096385542169	8.0	0.7272727272727273	85.0	0.7589285714285714	97.0	0.8818181818181818	19.0	0.5277777777777778	92.0	0.5822784810126582	5.0	0.1851851851851852	74.0	0.6065573770491803
DB_MAG_00148	0.9916666666666668	0.9396666666666668	138.0	0.9019607843137256	12.0	1.0	0.0	0.0	6.0	0.2608695652173913	98.0	0.5212765957446809	232.0	0.8169014084507042	196.0	0.9289099526066352	3.0	0.6	3.0	0.017441860465116282	312.0	0.9397590361445785	6.0	0.5454545454545454	50.0	0.44642857142857145	10.0	0.09090909090909093	20.0	0.5555555555555556	124.0	0.7848101265822784	2.0	0.07407407407407407	53.0	0.4344262295081967
DB_MAG_00149	0.16233333333333333	0.3103333333333333	37.0	0.24183006535947715	0.0	0.0	5.0	0.17857142857142858	5.0	0.21739130434782608	10.0	0.05319148936170213	25.0	0.0880281690140845	46.0	0.21800947867298576	0.0	0.0	3.0	0.017441860465116282	97.0	0.2921686746987952	1.0	0.09090909090909093	5.0	0.04464285714285714	42.0	0.3818181818181817	1.0	0.027777777777777776	45.0	0.2848101265822785	0.0	0.0	11.0	0.09016393442622953
DB_MAG_00150	0.7147333333333333	0.5698888888888889	95.0	0.6209150326797386	2.0	0.16666666666666666	1.0	0.03571428571428571	16.0	0.6956521739130435	63.0	0.3351063829787234	176.0	0.6197183098591549	134.0	0.6350710900473934	0.0	0.0	3.0	0.017441860465116282	146.0	0.4397590361445783	1.0	0.09090909090909093	8.0	0.07142857142857142	95.0	0.8636363636363636	16.0	0.4444444444444444	80.0	0.5063291139240507	1.0	0.037037037037037035	61.0	0.5
DB_MAG_00151	0.8124666666666668	0.8978518518518519	76.0	0.4967320261437909	11.0	0.9166666666666666	0.0	0.0	21.0	0.9130434782608696	177.0	0.9414893617021276	242.0	0.852112676056338	171.0	0.8104265402843602	1.0	0.2	1.0	0.005813953488372093	319.0	0.960843373493976	3.0	0.2727272727272727	14.0	0.125	54.0	0.4909090909090909	5.0	0.1388888888888889	136.0	0.8607594936708861	0.0	0.0	93.0	0.7622950819672131
DB_MAG_00152	0.6158666666666667	0.35103703703703704	33.0	0.21568627450980396	1.0	0.08333333333333333	0.0	0.0	12.0	0.5217391304347826	19.0	0.10106382978723404	138.0	0.4859154929577465	108.0	0.5118483412322274	4.0	0.8	6.0	0.034883720930232565	113.0	0.3403614457831325	0.0	0.0	27.0	0.24107142857142855	88.0	0.8	24.0	0.6666666666666666	33.0	0.2088607594936709	9.0	0.3333333333333333	27.0	0.22131147540983606
DB_MAG_00153	0.9478000000000001	0.8192222222222221	74.0	0.4836601307189543	9.0	0.75	0.0	0.0	7.0	0.3043478260869565	79.0	0.4202127659574468	142.0	0.5	113.0	0.5355450236966824	1.0	0.2	0.0	0.0	212.0	0.6385542168674698	2.0	0.18181818181818185	11.0	0.09821428571428573	9.0	0.08181818181818183	0.0	0.0	81.0	0.5126582278481012	0.0	0.0	61.0	0.5
DB_MAG_00154	0.13846666666666665	0.2275185185185185	3.0	0.0196078431372549	0.0	0.0	0.0	0.0	0.0	0.0	0.0	0.0	17.0	0.05985915492957746	5.0	0.02369668246445497	0.0	0.0	0.0	0.0	3.0	0.009036144578313251	1.0	0.09090909090909093	0.0	0.0	0.0	0.0	0.0	0.0	1.0	0.006329113924050633	0.0	0.0	2.0	0.016393442622950817
DB_MAG_00155	0.998	0.9968518518518518	117.0	0.7647058823529411	7.0	0.5833333333333334	4.0	0.14285714285714285	18.0	0.7826086956521741	105.0	0.5585106382978723	246.0	0.8661971830985915	174.0	0.8246445497630331	5.0	1.0	10.0	0.05813953488372092	301.0	0.9066265060240964	5.0	0.4545454545454545	95.0	0.8482142857142857	101.0	0.9181818181818182	26.0	0.7222222222222222	83.0	0.5253164556962026	5.0	0.1851851851851852	88.0	0.7213114754098361
DB_MAG_00156	0.6442666666666667	0.33988888888888896	36.0	0.2352941176470588	2.0	0.16666666666666666	0.0	0.0	1.0	0.043478260869565216	2.0	0.010638297872340424	44.0	0.15492957746478872	69.0	0.32701421800947866	0.0	0.0	0.0	0.0	44.0	0.13253012048192772	0.0	0.0	2.0	0.017857142857142856	2.0	0.01818181818181818	0.0	0.0	21.0	0.13291139240506328	0.0	0.0	15.0	0.12295081967213115
DB_MAG_00157	0.5953999999999999	0.322	4.0	0.026143790849673203	0.0	0.0	0.0	0.0	2.0	0.08695652173913042	2.0	0.010638297872340424	10.0	0.035211267605633804	7.0	0.03317535545023697	0.0	0.0	0.0	0.0	6.0	0.018072289156626502	0.0	0.0	6.0	0.05357142857142857	1.0	0.00909090909090909	0.0	0.0	9.0	0.0569620253164557	0.0	0.0	1.0	0.008196721311475409
DB_MAG_00158	0.5094666666666666	0.39662962962962955	60.0	0.392156862745098	0.0	0.0	0.0	0.0	4.0	0.17391304347826084	0.0	0.0	8.0	0.028169014084507043	49.0	0.2322274881516588	0.0	0.0	0.0	0.0	12.0	0.03614457831325301	0.0	0.0	0.0	0.0	10.0	0.09090909090909093	0.0	0.0	34.0	0.21518987341772156	0.0	0.0	3.0	0.024590163934426233
DB_MAG_00159	0.8932000000000001	0.5813703703703704	20.0	0.13071895424836602	0.0	0.0	0.0	0.0	4.0	0.17391304347826084	11.0	0.058510638297872335	41.0	0.1443661971830986	29.0	0.13744075829383887	0.0	0.0	0.0	0.0	60.0	0.18072289156626506	0.0	0.0	0.0	0.0	6.0	0.054545454545454536	1.0	0.027777777777777776	10.0	0.06329113924050632	0.0	0.0	7.0	0.05737704918032788
DB_MAG_00160	0.8525333333333335	0.6486296296296297	91.0	0.5947712418300654	2.0	0.16666666666666666	0.0	0.0	0.0	0.0	2.0	0.010638297872340424	71.0	0.25	94.0	0.4454976303317536	2.0	0.4	0.0	0.0	177.0	0.5331325301204819	1.0	0.09090909090909093	7.0	0.0625	14.0	0.12727272727272726	1.0	0.027777777777777776	71.0	0.4493670886075949	3.0	0.1111111111111111	13.0	0.10655737704918032
DB_MAG_00161	0.9283333333333332	0.9173333333333333	132.0	0.8627450980392157	10.0	0.8333333333333334	2.0	0.07142857142857142	15.0	0.6521739130434783	77.0	0.4095744680851064	206.0	0.7253521126760564	179.0	0.8483412322274881	0.0	0.0	9.0	0.05232558139534884	291.0	0.8765060240963856	5.0	0.4545454545454545	73.0	0.6517857142857143	84.0	0.7636363636363637	21.0	0.5833333333333334	122.0	0.7721518987341772	6.0	0.2222222222222222	81.0	0.6639344262295082
DB_MAG_00162	0.9923333333333334	0.9615185185185184	141.0	0.9215686274509804	12.0	1.0	0.0	0.0	17.0	0.7391304347826086	83.0	0.4414893617021277	218.0	0.7676056338028169	197.0	0.9336492890995258	2.0	0.4	0.0	0.0	298.0	0.8975903614457831	5.0	0.4545454545454545	58.0	0.5178571428571429	52.0	0.4727272727272727	11.0	0.3055555555555556	129.0	0.8164556962025317	4.0	0.14814814814814814	62.0	0.5081967213114754
DB_MAG_00163	0.26833333333333337	0.07948148148148147	6.0	0.0392156862745098	0.0	0.0	0.0	0.0	0.0	0.0	2.0	0.010638297872340424	0.0	0.0	4.0	0.018957345971563986	1.0	0.2	0.0	0.0	2.0	0.006024096385542169	1.0	0.09090909090909093	1.0	0.008928571428571428	1.0	0.00909090909090909	2.0	0.05555555555555555	2.0	0.012658227848101266	0.0	0.0	0.0	0.0
DB_MAG_00164	0.6655333333333335	0.48644444444444446	12.0	0.0784313725490196	2.0	0.16666666666666666	0.0	0.0	8.0	0.3478260869565217	17.0	0.09042553191489362	77.0	0.2711267605633803	20.0	0.0947867298578199	0.0	0.0	0.0	0.0	91.0	0.2740963855421687	0.0	0.0	7.0	0.0625	16.0	0.14545454545454545	0.0	0.0	26.0	0.16455696202531644	0.0	0.0	11.0	0.09016393442622953
DB_MAG_00165	0.2825333333333333	0.01925925925925926	12.0	0.0784313725490196	1.0	0.08333333333333333	0.0	0.0	9.0	0.39130434782608703	22.0	0.11702127659574467	40.0	0.14084507042253522	34.0	0.16113744075829384	0.0	0.0	0.0	0.0	51.0	0.1536144578313253	0.0	0.0	7.0	0.0625	0.0	0.0	8.0	0.2222222222222222	15.0	0.0949367088607595	0.0	0.0	7.0	0.05737704918032788
DB_MAG_00166	0.13553333333333334	0.23444444444444446	3.0	0.0196078431372549	0.0	0.0	0.0	0.0	2.0	0.08695652173913042	3.0	0.015957446808510637	33.0	0.11619718309859155	22.0	0.10426540284360188	0.0	0.0	4.0	0.02325581395348837	26.0	0.0783132530120482	0.0	0.0	8.0	0.07142857142857142	0.0	0.0	5.0	0.1388888888888889	1.0	0.006329113924050633	4.0	0.14814814814814814	1.0	0.008196721311475409
DB_MAG_00167	0.40979999999999994	0.20825925925925926	11.0	0.0718954248366013	0.0	0.0	0.0	0.0	0.0	0.0	0.0	0.0	13.0	0.045774647887323945	17.0	0.08056872037914692	0.0	0.0	0.0	0.0	33.0	0.09939759036144577	1.0	0.09090909090909093	1.0	0.008928571428571428	23.0	0.20909090909090908	9.0	0.25	2.0	0.012658227848101266	0.0	0.0	8.0	0.06557377049180327
DB_MAG_00168	0.4936	0.3346296296296296	57.0	0.3725490196078432	2.0	0.16666666666666666	1.0	0.03571428571428571	15.0	0.6521739130434783	28.0	0.14893617021276595	195.0	0.6866197183098591	123.0	0.5829383886255924	5.0	1.0	21.0	0.12209302325581395	170.0	0.5120481927710844	1.0	0.09090909090909093	42.0	0.375	90.0	0.8181818181818182	33.0	0.9166666666666666	55.0	0.34810126582278483	15.0	0.5555555555555556	42.0	0.3442622950819672
DB_MAG_00169	0.5171333333333333	0.47707407407407404	127.0	0.8300653594771242	5.0	0.4166666666666667	3.0	0.10714285714285714	9.0	0.39130434782608703	61.0	0.32446808510638303	76.0	0.2676056338028169	94.0	0.4454976303317536	0.0	0.0	12.0	0.06976744186046513	156.0	0.4698795180722892	3.0	0.2727272727272727	39.0	0.3482142857142857	41.0	0.3727272727272728	13.0	0.3611111111111111	89.0	0.5632911392405063	0.0	0.0	23.0	0.1885245901639344
DB_MAG_00170	0.6922666666666667	0.5347777777777778	53.0	0.3464052287581699	3.0	0.25	1.0	0.03571428571428571	10.0	0.43478260869565216	51.0	0.2712765957446808	153.0	0.5387323943661971	114.0	0.5402843601895735	3.0	0.6	11.0	0.06395348837209303	172.0	0.5180722891566265	3.0	0.2727272727272727	38.0	0.3392857142857143	101.0	0.9181818181818182	29.0	0.8055555555555556	48.0	0.3037974683544304	8.0	0.2962962962962963	33.0	0.2704918032786885
DB_MAG_00171	0.3413333333333333	0.5270000000000001	47.0	0.3071895424836601	7.0	0.5833333333333334	2.0	0.07142857142857142	12.0	0.5217391304347826	104.0	0.5531914893617021	107.0	0.3767605633802817	70.0	0.33175355450236965	0.0	0.0	2.0	0.011627906976744186	169.0	0.5090361445783133	1.0	0.09090909090909093	18.0	0.16071428571428573	72.0	0.6545454545454545	10.0	0.2777777777777778	83.0	0.5253164556962026	5.0	0.1851851851851852	42.0	0.3442622950819672
DB_MAG_00172	0.461	0.44848148148148154	8.0	0.052287581699346414	0.0	0.0	0.0	0.0	4.0	0.17391304347826084	26.0	0.13829787234042554	10.0	0.035211267605633804	17.0	0.08056872037914692	0.0	0.0	0.0	0.0	14.0	0.042168674698795185	0.0	0.0	0.0	0.0	0.0	0.0	0.0	0.0	41.0	0.25949367088607594	0.0	0.0	5.0	0.04098360655737705
DB_MAG_00173	0.6360666666666667	0.5852962962962962	102.0	0.6666666666666666	8.0	0.6666666666666666	2.0	0.07142857142857142	0.0	0.0	22.0	0.11702127659574467	126.0	0.4436619718309859	122.0	0.5781990521327014	3.0	0.6	3.0	0.017441860465116282	238.0	0.7168674698795181	2.0	0.18181818181818185	44.0	0.3928571428571429	16.0	0.14545454545454545	17.0	0.4722222222222222	77.0	0.4873417721518987	2.0	0.07407407407407407	34.0	0.2786885245901639
DB_MAG_00174	0.9359333333333334	0.9553703703703704	46.0	0.3006535947712418	3.0	0.25	3.0	0.10714285714285714	9.0	0.39130434782608703	100.0	0.5319148936170213	118.0	0.4154929577464789	103.0	0.4881516587677725	1.0	0.2	2.0	0.011627906976744186	57.0	0.1716867469879518	1.0	0.09090909090909093	12.0	0.10714285714285714	43.0	0.3909090909090909	2.0	0.05555555555555555	52.0	0.3291139240506329	1.0	0.037037037037037035	58.0	0.4754098360655738
DB_MAG_00175	0.9502666666666667	0.5597407407407408	8.0	0.052287581699346414	0.0	0.0	0.0	0.0	0.0	0.0	2.0	0.010638297872340424	14.0	0.04929577464788732	5.0	0.02369668246445497	0.0	0.0	0.0	0.0	14.0	0.042168674698795185	0.0	0.0	0.0	0.0	2.0	0.01818181818181818	0.0	0.0	5.0	0.03164556962025317	0.0	0.0	2.0	0.016393442622950817
DB_MAG_00176	0.9898000000000001	0.975925925925926	125.0	0.8169934640522876	11.0	0.9166666666666666	3.0	0.10714285714285714	18.0	0.7826086956521741	99.0	0.526595744680851	212.0	0.7464788732394366	167.0	0.7914691943127962	4.0	0.8	27.0	0.1569767441860465	277.0	0.8343373493975904	5.0	0.4545454545454545	87.0	0.7767857142857143	95.0	0.8636363636363636	31.0	0.8611111111111112	103.0	0.6518987341772152	13.0	0.4814814814814815	87.0	0.7131147540983607
DB_MAG_00177	0.5560000000000002	0.1701111111111111	4.0	0.026143790849673203	0.0	0.0	0.0	0.0	0.0	0.0	0.0	0.0	9.0	0.03169014084507042	14.0	0.06635071090047394	0.0	0.0	0.0	0.0	5.0	0.015060240963855422	0.0	0.0	0.0	0.0	0.0	0.0	0.0	0.0	2.0	0.012658227848101266	0.0	0.0	8.0	0.06557377049180327
DB_MAG_00178	0.9996000000000002	0.9624074074074074	127.0	0.8300653594771242	12.0	1.0	0.0	0.0	23.0	1.0	183.0	0.9734042553191491	264.0	0.9295774647887324	203.0	0.962085308056872	0.0	0.0	4.0	0.02325581395348837	324.0	0.9759036144578314	7.0	0.6363636363636364	12.0	0.10714285714285714	75.0	0.6818181818181818	7.0	0.19444444444444445	143.0	0.9050632911392406	0.0	0.0	107.0	0.8770491803278688
DB_MAG_00179	0.564	0.6042592592592592	119.0	0.7777777777777778	7.0	0.5833333333333334	0.0	0.0	0.0	0.0	3.0	0.015957446808510637	87.0	0.3063380281690141	104.0	0.4928909952606635	0.0	0.0	0.0	0.0	209.0	0.6295180722891566	3.0	0.2727272727272727	58.0	0.5178571428571429	10.0	0.09090909090909093	7.0	0.19444444444444445	105.0	0.6645569620253164	0.0	0.0	22.0	0.18032786885245905
DB_MAG_00180	0.6451999999999999	0.4352222222222223	14.0	0.0915032679738562	5.0	0.4166666666666667	0.0	0.0	6.0	0.2608695652173913	42.0	0.22340425531914893	26.0	0.09154929577464788	33.0	0.15639810426540285	0.0	0.0	0.0	0.0	30.0	0.09036144578313253	0.0	0.0	2.0	0.017857142857142856	9.0	0.08181818181818183	1.0	0.027777777777777776	10.0	0.06329113924050632	0.0	0.0	24.0	0.19672131147540986
DB_MAG_00181	0.5346666666666666	0.24088888888888887	62.0	0.40522875816993453	0.0	0.0	0.0	0.0	5.0	0.21739130434782608	0.0	0.0	128.0	0.4507042253521127	23.0	0.10900473933649288	3.0	0.6	0.0	0.0	34.0	0.10240963855421686	1.0	0.09090909090909093	0.0	0.0	54.0	0.4909090909090909	11.0	0.3055555555555556	47.0	0.2974683544303797	8.0	0.2962962962962963	15.0	0.12295081967213115
DB_MAG_00182	0.9575333333333333	0.5485925925925925	18.0	0.1176470588235294	0.0	0.0	0.0	0.0	1.0	0.043478260869565216	0.0	0.0	71.0	0.25	32.0	0.15165876777251186	0.0	0.0	0.0	0.0	25.0	0.07530120481927711	2.0	0.18181818181818185	0.0	0.0	0.0	0.0	0.0	0.0	27.0	0.17088607594936708	0.0	0.0	9.0	0.07377049180327869
DB_MAG_00183	0.3038666666666667	0.17366666666666666	15.0	0.09803921568627452	0.0	0.0	0.0	0.0	0.0	0.0	0.0	0.0	21.0	0.07394366197183097	5.0	0.02369668246445497	0.0	0.0	0.0	0.0	5.0	0.015060240963855422	1.0	0.09090909090909093	0.0	0.0	1.0	0.00909090909090909	2.0	0.05555555555555555	7.0	0.04430379746835443	0.0	0.0	0.0	0.0
