MAGs	DB_D_01	DB_D_02	DB_D_03	DB_D_04	DB_D_05	DB_D_06	DB_D_07	DB_D_08	DB_D_09	DB_D_10	DB_D_11	DB_D_12	DB_D_13	DB_D_14	DB_D_15	DB_R01_CDI_C_01_PRE	DB_R01_CDI_C_02_PRE	DB_R01_CDI_C_03_POST	DB_R01_CDI_C_04_POST	DB_R01_CDI_C_05_POST	DB_R01_CDI_C_06_POST	DB_R01_CDI_C_07_POST	DB_R02_CDI_C_01_PRE	DB_R02_CDI_C_02_PRE	DB_R02_CDI_C_03_POST	DB_R02_CDI_C_04_POST	DB_R02_CDI_C_05_POST	DB_R02_CDI_C_06_POST	DB_R03_CDI_P_01_PRE	DB_R03_CDI_P_02_PRE	DB_R03_CDI_P_03_POST	DB_R03_CDI_P_04_POST	DB_R03_CDI_P_05_POST	DB_R03_CDI_P_06_POST	DB_R03_CDI_P_07_POST	DB_R03_CDI_P_08_POST	DB_R04_CDI_P_01_PRE	DB_R04_CDI_P_02_PRE	DB_R04_CDI_P_03_POST	DB_R04_CDI_P_04_POST	DB_R04_CDI_P_05_POST	DB_R04_CDI_P_06_POST	DB_R04_CDI_P_07_POST	DB_R04_CDI_P_08_POST	DB_R04_CDI_P_09_POST	DB_R05_UC_P_01_PRE	DB_R05_UC_P_02_POST	DB_R05_UC_P_03_POST	DB_R05_UC_P_04_POST	DB_R05_UC_P_05_POST	DB_R05_UC_P_06_POST
DB_MAG_00001	0.014086626	0.00855432	0.006330937	0	0	0	0.003145382	0	0	63.73613841	0.01552721	0	0.050086891	0.071571198	0.001545804	0	2.981718495	0	0.676632928	0.025245289	0	0	0	0.022173172	0.003025075	0	0.027760067	0.000730947	1.382994034	0.016405293	0.015544949	0	0	0	0	0	0	0	0	0.000264217	0	0	0.014574019	0	0	0	0	0	0	0	0
DB_MAG_00002	3.220409367	0.065643444	4.209102095	2.44270564	1.943968146	2.988799649	7.870015825	1.406058938	1.985408613	6.571629475	1.02223262	2.883886409	1.051867241	0	0.023890192	0	0.003390722	0	0.009465152	0	0	0.006485261	0	0.016924993	0.008027717	0	0.001202034	0	0	0	0	0	0.000145278	0	0	0	0.0001221	0	0.001936159	0	0	0	0	0	0	0	0	0	0	0	0
DB_MAG_00003	2.477032956	4.306400688	0.26782543	0.529031536	0.337791445	1.728794001	0.847310466	1.195918177	0.66323762	1.709307751	0.921287922	2.564387497	3.746061183	0.273528095	1.261283214	0.011484267	0.015347146	0.74056543	0.089430489	3.825356828	0.874928844	0.078224337	0	0.001411821	0.02807163	0	0.004687067	0.000152138	0	0.00322449	0.104555107	1.547099396	1.425553239	3.573888328	1.089159986	0.432619477	0.020590622	0.004432624	0.506220858	0.01392221	0.030100601	0.052780807	0.008328357	0.026453112	0	0	2.290793063	2.415242205	0.050542847	0.803496437	0.333981383
DB_MAG_00004	26.08280254	20.45106959	49.94785759	62.81180206	39.09459933	16.46387799	25.00403195	50.68967231	21.41460307	9.475292886	47.58033025	26.04057087	23.22977449	0.016900662	0.305774051	0	0.010954319	0	0.359016587	0.011836715	0	0.616179815	0	0.588647588	0.031490211	0	0.002525657	0.001125128	0.046518154	0	0	0	0	0	0.004995005	0	0.174178709	0.077599223	13.43254317	64.70557101	15.26787769	6.455779448	12.55781545	4.488843209	4.091664083	0	16.68349257	50.3131581	0.273960098	11.30882587	2.896449657
DB_MAG_00005	7.913840296	2.821005163	18.95886254	37.70858486	49.82791023	2.729362484	40.10535249	113.6543145	49.88737492	29.72756113	2.30428141	24.28658192	1.864351242	73.24793298	64.82069585	82.83255436	2.48220494	212.84316	0.418001833	2.219146994	6.624353191	0.64616552	0.004357046	0.991515041	0.080039347	0.005817178	0.078832528	0.015208378	1.420779654	0.467096821	32.55876756	12.08710653	19.91272113	28.07578593	12.06756784	193.2303778	7.159884037	1.286020442	1.619960465	2.507253852	59.19063839	28.23073072	14.74961104	24.04635512	0.744109403	0.011212561	183.3944177	117.5128146	9.913489674	244.2762696	98.08616229
DB_MAG_00006	1.826468385	1.57924298	0.341752565	0.005487295	0	0	0	0	0	0	0	0.343139162	6.497579977	7.084165397	1.111729188	0	167.4045472	0	42.65905668	4.691004571	0	0.005135425	0	0.009048552	0	0	4.651513447	0.003434645	74.29447409	0.516169317	0.872329622	0	0	0	0	0	0	0	0	0.081109399	0.078080981	0.650415042	1.46843835	0.005184492	0	0	0	0	0.005856783	0	0
DB_MAG_00007	16.56428856	10.98307201	6.400161637	7.556565643	21.76656997	2.511064678	4.985749485	19.77152844	8.195324089	6.020095067	11.71729054	19.39202172	17.58254781	71.68961092	42.84518052	0	0.550185491	45.23631875	103.3477504	59.32711351	2.672726506	53.59463474	0.000935235	0.24364099	279.2898894	24.08712035	75.06405304	69.51065733	0.128580521	0.690889307	22.23339219	42.5527199	39.64947178	49.99289862	46.04161218	32.16164632	0.761791848	0.214795374	99.3702403	59.60251689	167.8918497	56.85298134	146.4481122	14.62195643	6.158751484	0.047412931	21.11243417	43.77814558	7.148434534	3.996000732	50.52880203
DB_MAG_00008	4.955590712	2.432229236	0.899876385	0.370833361	4.020439327	4.768208745	7.106057536	6.874325234	4.963118154	8.994552929	3.270095648	3.391299409	5.031295711	2.634832077	4.202940166	0.007842361	0.265235828	13.21837479	22.25264864	20.82795538	18.82874857	11.42251938	0	0.150191153	5.531548818	0	0.008780771	0.004395441	0.585855932	0.035040833	4.56012464	1.202205387	3.675536132	1.592511776	1.26582748	0.184392838	2.231085495	0.447867411	1.68027071	1.215512471	1.951736179	3.148112938	8.288582715	107.4425255	3.386608486	0.001306145	14.44879962	3.275402031	15.92973186	26.67393603	5.100394468
DB_MAG_00009	6.797288953	2.210589117	5.422739896	4.732962452	7.30261836	4.755548633	2.356063603	3.166003628	6.09795986	2.065295856	3.480752707	4.179515536	3.765003813	0.147648339	0.129635532	0.169834822	0.181121311	24.6175353	251.321443	5.679025377	0.777518961	4.261599862	0	0.009038793	1.175927102	0	0.001343718	0	0.004107543	0	0.258397889	0.079921703	0.0858331	0.125976597	0.057794235	0.087505391	0.015469631	0.007099088	7.815181911	3.371016917	10.96678192	3.736949691	5.840901123	4.421119421	0.130790869	0	3.013737492	1.429234741	4.115504715	3.211360059	3.241880002
DB_MAG_00010	20.11090808	7.279540653	17.79288054	22.80103624	31.97542423	8.182642548	22.5384046	16.21190342	29.16001535	26.13734875	47.39426272	75.50754754	34.22307359	38.61914038	29.33277826	0	0.25282944	49.78109654	325.3546704	34.96660172	28.94560834	80.05203617	0	0.156475535	0.149010236	0	0.044861951	0	0.217122828	0.392335565	40.38951874	36.13434767	12.71560827	53.17787376	49.12640943	80.00368178	0.488613845	0.148752237	39.12413489	84.64122721	84.62713312	147.54194	73.28538267	190.3349349	6.575567399	0.001195	66.82465662	5.069820163	17.15413121	28.98901752	72.01019015
DB_MAG_00011	2.698492877	0.968235423	1.766168839	5.507019356	4.638680232	0.193033916	0.364703311	0.69429792	1.07939285	1.015880072	1.570598207	8.143100211	2.907993704	5.247349846	2.371498571	0	0.046734779	0.000326945	0.056669315	0.007838983	0	0.031417827	0	0.024768099	0.07912973	0	0.00128572	0	0.011909556	0.267959367	23.36332421	8.220106133	23.27658867	16.88680216	13.32850524	31.13171032	0.083608271	0.050054652	11.59474621	12.34274263	110.8222696	87.80328468	2.015291882	10.03961165	0.070063639	0	0.812719431	13.78719067	0.059185845	11.73544066	0.791376812
DB_MAG_00012	7.852204684	1.088350847	0.547066598	0.384536757	0.385487454	1.04503597	0.407202899	0.713695642	0.372408531	0.641076056	2.207804945	0.097283937	1.292831009	0	0	0	0	0	0.004038741	0	0	0	0	0.003858025	9.38E-05	0	0	0	0.002061977	0.029154914	0	0	0	0	0	0	0.062140774	0.01002892	5.80255166	4.121967488	47.43803445	33.14838681	6.988005279	1.618683803	1.636129896	0	0.144072314	0.827873749	0.013486208	1.304769702	0.03711396
DB_MAG_00013	10.77125447	7.563829317	8.824577992	5.775674759	10.89755273	11.94675084	4.90941878	2.570156511	4.019392586	10.93578523	2.02939692	4.871607303	6.879847178	4.208020199	4.92790152	0.002112424	0.001996232	9.266021647	8.227632071	8.49988205	6.882775763	5.897864648	0	0.015002343	2.390997523	0	0.000811594	0	0.012875998	0.010495105	0.52331181	0.628578584	0.488662733	0.567007524	0.049200156	0.817927475	1.652255064	0.113291166	3.455107017	1.82053942	1.743541936	1.823327326	16.44627579	11.63647191	4.613936452	0.000969131	6.849282499	10.33832412	13.15981549	7.472679722	3.499452799
DB_MAG_00014	3.208400195	2.381070185	4.790567946	13.7032836	3.799586444	1.283496179	5.41209629	5.507703753	2.933181328	1.256062469	7.096820612	27.00364105	5.260570754	7.673590592	8.450737992	0	0.094772504	0	0.143564144	0.002994099	0	0.205390237	0	0.221849749	0.020631336	0	0.013322235	0.004200542	0.032137981	0.266045148	26.09469233	9.715662433	0.025396048	7.627731301	0.048458594	5.60985409	0.02183641	0.00367757	9.210145799	3.291392059	7.288904664	2.301303754	3.390760193	1.252376881	4.007986652	0	0.12771926	0.026467397	0.063298303	1.128366807	2.051420295
DB_MAG_00015	8.304735409	13.85091558	8.843820171	24.22528008	6.310178903	1.511468276	6.241452054	9.218361983	4.923243693	2.489917209	4.962270473	5.319831731	11.40311596	24.01010207	9.820863998	0	0.051537016	0	0.159615939	0.27294387	0	0.153461428	0	0.146866284	0.016018301	0	0	0.000717682	0.018282174	0.101929665	13.37765303	1.845574103	3.116435018	0.006753064	7.605907315	7.480332098	0.042410788	0.024499739	20.52035832	38.28933835	5.247573292	5.592968439	1.089683751	2.230402569	0.238678984	0	4.739803461	16.31553632	2.816149129	0.012965857	3.410255213
DB_MAG_00016	1.866081122	0.815510784	1.514283087	0.371340742	1.534706869	1.804621966	1.612439418	0.675091709	1.633690685	2.863656847	0.262358291	0.122810839	1.188764265	0.896901524	0.792811842	3.721735107	2.160818029	3.169495522	16.84816891	1.867745278	1.784946468	3.741098381	0	0.005122919	2.809826163	0	0.00355754	0	0.038647227	0.007420868	1.021862713	0.78893886	0.345054869	0.466703256	0.298194595	0.625670935	0.136083927	0.023242509	2.856889316	1.851498989	1.759704853	2.638449117	11.47299181	5.624584494	4.630541919	0.001850553	1.666789569	0.52626069	5.700550497	1.591433284	0.779065767
DB_MAG_00017	2.013455922	0.70496584	0.397927191	4.021027638	2.426403923	0.033631583	0.255799886	2.118743939	1.731866714	0.199140411	0.99275904	16.25091569	1.494962237	4.742731402	0.384668158	0	0.002192898	0	0.048129309	0	0	0.074894493	0	0.094778827	0.003411373	0	0.013090544	0	0.002007047	0	0	0	0	0	0	0	0	0	0	0	0	0	0	0	0	0	0	0	0	0	0
DB_MAG_00018	0.783018682	0.934744925	3.489175537	3.286273567	1.246875995	1.014771031	0.94525938	0.223489059	0.297585199	0.47303325	1.592483525	9.186512162	1.308811462	9.556731502	6.793177126	0.053634027	0.059031884	1.417249632	11.23124858	0.059626765	0	0.035350416	0	0.022338067	0.00074837	0	0.00222712	0	0.009521752	0.085160169	9.230283655	2.427070587	4.607858799	8.542605532	6.936469669	14.04624381	0.041225014	0.009985922	1.800883534	3.057160691	21.49936157	6.027903288	1.333518923	1.115639317	0.068266489	0	0.225129839	8.730408506	0.115943371	0.243020925	0.246098406
DB_MAG_00019	6.259350834	1.025599773	1.960588544	2.80086169	3.990980264	0.669383736	2.526613727	1.894175941	1.833338953	5.591134893	2.120805004	13.3439696	4.068954903	11.48070002	5.407855308	150.0893006	1.717315159	64.38828486	10.57035135	7.923152517	1.54940714	6.572443829	0	0.021921253	0.005431849	0	0.028038707	0.005437271	0.063605453	0.040198207	7.634764815	1.059431688	2.603665286	2.567155674	2.660436603	1.211883972	0.026911286	0.007355275	7.878027398	1.989578635	6.52624807	2.875210326	1.985661619	1.573405573	0.233813089	0.003073916	3.626998699	9.473125407	0.830910871	1.048351981	2.797381906
DB_MAG_00020	1.944731617	0.455936813	2.262758765	3.357422608	5.85602343	1.218138441	1.746610913	1.847100674	2.563429412	0.973966381	6.567155393	24.69572522	3.044139877	0.068426233	0.03796567	0	0.020673249	22.15414475	60.2698929	3.211482065	0.462046655	5.769537132	0	0.042761506	0.028109106	0.080762543	0.212194431	0.00675616	0.234043652	0.000643395	0.139732567	0.147653698	0.101985363	0.088720008	0.181116086	0.221577382	0.051777594	0.003069988	5.467577104	5.122473902	8.834915374	8.368125674	0.835393383	3.945100705	0.175350533	0	1.019005017	3.485141723	0.548705312	1.570623473	3.072656673
DB_MAG_00021	0.366186322	0.320761096	0.006144036	1.90574573	0.179068048	0.044829462	0.099778157	1.130301421	3.396206927	0.287117365	1.196831575	20.38655909	1.008612738	5.004800091	0.816178078	0.017297281	0.01283641	0.013402157	0.033639222	0	0.000437577	0.178471994	0	0.024771116	0.002606742	0	0.009069013	0	0.041454425	0.012103497	0.040734914	0.006329559	5.274326059	4.259438438	1.372607483	0.04412401	0.059333563	0.006330915	4.455663852	0.01931216	0.533159017	0.013004149	0.03950006	0.585845404	0.191790657	0	2.974816251	2.154382477	0.136036525	0.141314465	0.987997669
DB_MAG_00022	33.30566239	24.86386865	13.05396976	10.00332679	12.52428574	26.38088571	18.80003115	12.75614661	15.97381107	22.41335748	6.141453435	2.747305109	8.447013381	10.52468402	8.318247422	0.506399794	22.39591643	16.48661972	49.26179258	24.44306663	31.19023396	38.26749571	0.019471025	0.142495588	457.0270843	6.220002842	92.67231313	44.06504254	1.544832176	0.146398615	15.63504424	13.28730707	1.895277165	8.890687302	1.724570524	3.488614945	3.501779813	0.766075793	30.61738454	8.758304524	20.02592953	11.40120157	47.33528153	78.25671291	41.64126661	1.152149394	20.94360884	0.564740265	18.54748475	45.06009265	17.79831106
DB_MAG_00023	0	0.003091224	0.005213573	0	0	0	0	0	0	0.006339516	0	0.0007712	0.937238952	30.32589178	15.01183165	0.39185984	2.72817312	0.00237133	0.085962476	0.037740131	1.049578108	1.480044187	0.027826684	0.081606683	0.026740232	0	0.023269343	0.512181236	1.721310386	0.02433059	6.73911517	0.066896699	0.571360416	0.092672121	0.304690644	0.330681539	15.99293865	0.061366777	0.0342879	0.56515001	0.064948995	0.291692996	3.713659362	1.927908457	1.532172803	262.5218283	0.153667717	0	0.028113794	0	0
DB_MAG_00024	10.3207891	4.489992747	11.61282277	11.24056934	6.419745419	3.498511301	3.572398727	2.461909148	0.685809841	0.739189484	2.683789423	2.174948027	4.531991776	5.309282339	1.206290772	0	1.342882053	0	0.483973049	0.082024624	0	0.873509182	0	2.071494654	26.14201755	0	0.174332113	0.018776524	5.870475155	0.138738079	1.964535558	5.734224809	24.88548175	29.19798926	0.074943234	36.40717368	0.642303428	0.283993415	11.088058	5.775504073	16.63590024	10.03512508	84.52587008	10.3875381	14.49409228	0.021132189	1.786661319	76.56186076	16.24636112	49.13749	2.218895233
DB_MAG_00025	0.219054525	0.26104877	0.454292664	1.114855764	1.51104695	0.089140517	0.248147802	1.231009304	0.517811687	0.789685546	0.726738913	4.934710324	0.309765044	2.370159109	1.053018285	29.38056417	7.549356617	12.07836111	19.0569195	3.92955832	1.61862709	27.22536175	0	0.071385477	0.647144334	0	0.014841791	0	0.185697236	0.014434721	1.42253584	4.101257638	8.161297566	1.06586945	3.54751271	5.928264905	0.051561776	0.007321881	3.803790389	0.084068248	1.497815861	0.577005794	0.157490681	4.046441833	0.100942784	0	5.616286755	17.86291598	0.443761196	0.013044644	3.780740524
DB_MAG_00026	3.293972248	0.660587944	2.10655753	10.60281205	0.650069213	0.048280793	0.485511002	2.481513015	0.389248113	0.30437238	1.544630701	2.080053381	2.200157067	0.003025773	0.005008153	0	0.006155449	0.027893065	90.90132008	0.006738683	0.690606145	6.624758995	0	0.104153858	0.008948795	0	0.00248921	0	0.0294167	0.001226988	0.000921319	0	0	0	0.008064775	0.003065134	0.11815499	0.012821021	22.05698869	3.673964923	80.80156201	9.955702492	1.368493006	9.778192309	0.854279096	0	2.087157487	27.5382543	0.35538783	0.952785828	8.501117916
DB_MAG_00027	0.789453096	0.42871223	0.50626171	0.017616152	1.480115217	0.16698677	4.085614546	4.106791055	1.984668412	0.930422617	0.268811105	4.90593368	0.73624079	0.300561606	2.03814075	0.046248035	0.002130989	0.689821863	2.074283211	3.457567257	0.246730996	0.469013153	0	0.028793322	0	0	0	0	0	0	0.067290122	0.000515715	0.092452674	0.073527676	0.006507773	0.009393822	0.056399404	0	0.002459907	0	0.558387953	0.02675869	0.089606167	8.864361163	0	0	11.46801359	0.063843695	0.554276913	0	0
DB_MAG_00028	1.70097299	1.067886681	0.180913093	1.334472851	1.444096901	0.180752076	0.206118297	0.390558124	0.36856841	1.288018383	0.955158026	6.866367274	1.162214137	0.892160238	0.07375938	0	0.005425774	1.584583469	0.927173969	1.101637332	0.073723926	0.480067125	0	0.034614083	0.007615421	0	0.004440004	0	0.006197978	0.000638427	0.284891418	0.058311404	0.354566588	0.130485553	0.037688236	0.049669186	0.005298372	0.005694021	3.893427027	1.717956003	1.582097447	1.835942893	2.120759436	0.546636882	0.179852224	0	2.721922176	4.597850925	0.072343817	0.996452945	3.444331326
DB_MAG_00029	0.003297063	0	0.016169701	0	0	0	0	0	0	0	0	0	0.000585103	16.28697378	18.81126516	0.094539674	0.08432228	24.16833779	1.362168929	0	0.007087735	0.022715294	0	0.031471908	0.000784347	0	0.006411388	0	0.018079715	0.087345312	11.51101448	4.350126736	4.239335751	10.00061389	0.230330198	1.125482675	0.028480654	0.016114823	0.002491281	0.005882984	0.002646914	0	0.008344152	0.002668438	0	0.00731161	0	0.009050844	0	0	0
DB_MAG_00030	239.4658472	302.6658553	165.6428516	43.00095658	146.7561001	273.4824258	272.818742	308.1699956	141.1048084	174.4262766	0.159369885	0.181227798	6.333484106	0.314568592	2.163042084	74.18290512	15.3373476	76.03742744	153.8723796	57.65220405	57.93625241	201.7223478	0.035986341	1.247407966	0.084123378	0.005279748	0.240714286	0.036950088	5.030572329	0.121708109	0.514075385	0.185178752	0.255376576	0.953392637	0.745342271	0.005252308	23.60641793	3.630849212	0.373980908	0.520592234	0.663959265	0.380734683	0.856982919	0.596043407	0.362248432	0.016823668	74.17212608	67.81244257	224.1269632	107.0864809	0.610042553
DB_MAG_00031	1.74495151	3.113950902	2.288713529	1.39365249	1.909851344	0.682974224	1.68642445	1.737901879	1.401660087	3.412567278	0.898467042	1.922448163	1.780708491	1.819036717	1.319394299	2.549473447	0.193001856	4.288030843	1.334607456	0.497931996	0.200553645	0.308268152	0	0.016858753	0.00503195	0	0	0	0.013032797	0.000111151	1.732438047	1.65788928	1.603668622	0.671268745	0.829321724	0.528185713	0.047970423	0.0291588	3.772957684	1.732725937	1.487644217	2.474081217	0.479511419	1.019742093	1.0199625	0	2.279787878	0.277111272	1.760222736	1.633418052	1.40111587
DB_MAG_00032	391.3320865	353.7276037	153.8081657	119.4282323	239.0413768	309.2909687	0	0	0	0.011470226	0.005345694	0.006613893	8.211004014	93.44811182	79.18643494	0.106955932	1.122837161	0.003392618	0.344112934	0.020925694	0	0.32385393	0	0.310648401	0.026437511	0	0.003185201	0	0.120352894	1.159054123	195.0113325	122.6299492	79.17908757	154.174128	31.63135239	8.584860105	3.237200272	1.861888617	1.317670507	0.021121371	0.047529087	0.024243357	0.098437695	0.038714862	0.006586711	0.085513893	0.04080508	0.046901075	0.167094565	395.0486351	103.0104747
DB_MAG_00033	0.004487319	0.014621885	0.034552741	0	0	0	0	0	0	69.47553243	171.9450179	256.2759145	130.0649456	211.4032785	200.6748149	0	1.676331723	0.012505615	0.740055778	0.031999646	0	0.397760953	0	0.643279681	50.79866924	0	0.251753201	0.008533716	0.752359903	2.247710551	92.99801001	134.6952061	19.38493109	79.81994366	219.6306877	402.1892217	2.577268106	0.439032875	177.3917789	50.91605416	45.84135458	50.53713144	65.84467185	161.2027055	16.6766182	0.028969309	0.016462795	0.138114325	0.000228389	0.006751218	0.008117484
DB_MAG_00034	26.09388722	16.92136012	12.54374056	3.99352713	34.10223212	71.02109368	22.29098082	22.9374905	19.86853459	37.50049541	11.95941303	8.90727896	42.36408397	25.5835574	20.61937583	23.41332238	174.9197196	20.82630396	12.08562824	4.306207989	10.25955786	30.10228064	0.047456043	0.164388562	19.18595075	0.011164179	0.035572918	0.125410489	0.993728385	0.572375522	39.02603295	6.039597964	0.992165252	4.800007626	6.843050032	1.363081683	15.47723237	2.305301473	44.35110649	72.05248968	12.47295393	48.97552689	107.2821042	204.2707149	47.47178646	0.055235022	15.16971807	3.736550873	112.5871785	42.76165508	23.52481356
DB_MAG_00035	22.15485569	3.813730376	23.78154931	17.89016754	11.75850363	2.490369646	5.26606423	14.89607248	2.864083661	5.11914641	11.4236819	7.100425643	26.95103901	12.13203306	12.75350287	0	0.113398713	0.013181298	0.149705577	0.015690526	50.55535763	0.033986887	0	0.067293797	0.009023129	0	0	0	0.024147517	0.307071884	46.3608732	14.48511722	3.592172467	15.74603954	10.01328793	11.55383998	0.396786512	0.125238553	118.599458	71.95720615	18.1442413	40.67272779	8.886175722	40.32626988	13.29129317	0.000523013	8.271708733	5.679499777	17.03381609	19.15540579	17.8653511
DB_MAG_00036	13.04827029	4.790605312	9.350803281	68.52452019	18.02242515	9.036369283	9.031414538	20.35747687	10.46416893	1.263345264	30.63308877	58.92340876	8.608522419	0.005267918	0.009011853	0	0.057524368	0	0.784007617	0.010854376	0	1.518268434	0	1.107397262	0.026941851	0	0.033052669	0	0.157878999	0	0	0	0	0	0	0	0.008684516	0	10.71825297	42.08971855	0.593486223	0	0	0	0	0	0	0	0	0	0
DB_MAG_00037	1.889499178	0.871919712	0.714812061	0.077987941	3.231388777	0.668137578	7.198491736	6.110684301	3.023079769	9.856001641	0.448093815	13.90000493	0.686480946	0.413223227	4.517103463	5.590728587	7.271752529	2.220808641	18.8968372	5.562491617	4.737358102	13.77415284	0	0.007241476	3.820602943	0	0.002411456	0	0.067400349	0.005589955	0.205978933	0.071976406	0.305221704	0.09508067	0.031651494	0.043655653	0.356428936	0.023940008	0.720129407	0.126160081	1.298811861	0.445199501	0.808201003	17.32761462	0.632979836	0.00054811	21.77164254	0.452786546	9.646643662	0.904375813	0.612277558
DB_MAG_00038	8.920144958	2.496040837	2.432824744	1.396008404	4.124186953	3.120444205	2.738458369	2.282131389	2.148283465	3.694015221	1.521387808	3.809133054	5.275397924	2.852144046	1.720952475	0.002537365	0.027396004	5.281349568	55.94193738	1.849120449	1.20169637	0.004160645	0	0.000467426	0.003829604	0	0.001655329	0	0.010617781	0.066158375	10.04103559	6.33906168	4.026825585	2.226819603	1.353603012	5.844206932	0.06264031	0.00715157	17.06526125	7.591432705	20.67697981	10.93525904	9.113262041	7.425337413	2.019220272	0	1.154645616	3.313252689	1.317445416	3.004330138	1.616554286
DB_MAG_00039	73.87624352	91.56275283	77.13685736	43.38174809	44.61234148	31.47205408	78.90361586	56.98575478	47.06175614	77.73591796	16.44582207	44.6520831	40.81414548	0.006753505	0.596094348	0.000222346	0.043910299	0.005924829	0.197954442	0.22076469	0	0.235343528	0	0.583576291	0.009466083	0	0.015407442	0	0.337610106	0	0.00283353	0	0	0	0	0	0.018009414	0.036048911	27.4581716	15.74778352	8.671877911	6.973008887	8.277033428	20.04996496	12.91189924	0	0.044123443	13.90968845	0.59404052	5.948324789	3.542734686
DB_MAG_00040	2.379198241	1.404145769	2.164955251	0.937790815	3.078017457	3.020188178	2.285607986	1.684694146	2.024100073	7.235107261	0.944980658	1.016214558	1.547100782	1.099914577	0.769531243	0	0.00481521	1.222706381	2.438011931	0.73389763	0.355028792	2.265879854	0	0	0.122322886	0	0	0	0.005488913	0	0.236150714	0.054895351	0.08189532	0.188581376	0.029925593	0.187808541	0.612751744	0.042400515	0.245870759	0.524099365	0.702812215	0.160551895	7.413772749	13.09632337	3.253675073	0	3.19839494	0.658337797	20.21321571	1.426774432	1.54165167
DB_MAG_00041	8.038459011	5.94737179	5.016990013	14.93914428	5.398529119	6.366052932	5.671848591	4.150518983	9.431723094	10.05615838	1.400752651	0.526151358	0.503222157	0	0.018629769	0.015846131	0.009093247	15.27879496	0.071640309	2.869731987	2.320626486	0.04667233	0	0.039862079	0.081019824	0	0.035162534	0.053706678	0.013614845	0	0	0.002006173	0.022028636	0.018874936	0.007516897	0	0.608040845	0.077678689	0.112601081	0.00145865	0.010030926	0.003170979	0.016467175	0.031835504	0.013003748	0.004993386	26.83226984	4.628843592	9.074171235	6.336778209	9.801859221
DB_MAG_00042	0	0	0.011532499	0	0	0.001742054	0.005224771	0.004814573	0	0.023260092	0.07670989	29.95662311	197.9900646	45.81875439	32.72657816	44.69631472	12.87969222	0	0.341056814	0.015863466	0	0.140655015	0	0.196483832	0.02035506	0.003013352	0.021405105	0.00195751	1.579619351	0.026947492	0.588089126	6.383349651	0.287817705	0.330005196	5.250548328	0.005069633	1.252338748	6.530218726	0.4758151	118.9336051	21.26077666	67.69588755	161.6768566	111.5582944	87.01224235	0.003662903	0	6.10E-05	0.000219385	0	0.01181389
DB_MAG_00043	0.224110794	0.057956742	0.03943817	0.970696438	13.61658188	3.54923232	11.8037082	29.19128656	17.07472838	14.55717159	27.70203838	39.36516449	5.430420491	0.005015432	0	30.60236139	2.028396948	9.302495623	0.040199256	3.740243928	10.1229139	5.996594442	0	0.324164158	0.034396464	0	0.040644576	0.010053464	1.016980784	0.003084317	0	0	0	0	0.014880132	0.170270889	0.104179721	0.143829442	7.772076518	0.001984686	0.005699869	0	0	0	0	0.004059313	28.47366196	1.669537423	1.758737926	29.02192511	29.88376007
DB_MAG_00044	16.69908885	17.59811983	13.50988739	10.95678882	17.57337065	61.9291312	10.69986678	12.09803812	2.875523187	38.65958462	7.585092551	3.30133704	4.521725355	12.73856672	14.18467939	0	0.018140567	0.071474559	0.027979692	0.078392778	0.000529101	0.077173321	0	0.028171493	0.000969244	0	0.004458249	0	0.006222284	0.007954926	0.072246908	0.004065764	0.009273985	0.129145961	0.003080032	0.281442873	0.67084154	0.195090905	0.071629826	0.246138769	0.0092087	0.230704494	0.147250275	2.104097127	23.390656	0.008587786	5.027486464	0.524642986	3.695945434	33.56507351	1.876702278
DB_MAG_00045	1.162491092	1.041362591	0.995389115	0.758421559	1.37778295	1.049683486	0.817784017	1.48599629	0.709062883	2.489490903	0.911612983	0.386159822	0.934838102	1.130823225	1.195330485	0	0.001389671	0.313644017	0.414385283	0.988637785	0.08436833	0.786935878	0	0.001087828	0.008899987	0	0	0	0.000782473	0.005493209	0.164330274	0.12483989	0.14812837	0.449747176	0.265903685	0.130881566	0.089795159	0.007648035	2.528714959	1.668264944	1.410636987	1.211891267	2.061766653	1.847411059	1.519017983	0	2.120295255	2.023468269	6.949674551	1.07694337	1.733980058
DB_MAG_00046	4.864145331	0.261331707	1.674144497	1.175398561	0.168668682	0.08162356	0.139054878	0.030804413	0.338276298	0.00357278	0.152567774	2.594903371	0.185850465	0.000160186	0.02768769	0	0.000196592	0	0	0	0	0.010905484	0	0	0	0	0	0	0	0	0.000218436	0	0	0	0	0	0	0	0.558706545	0.369381998	0.136114729	0.49780393	0.17886965	0.021911924	0.006289683	0	0	0.106570432	0	0	0
DB_MAG_00047	5.024000942	4.080132863	2.643611144	1.729939072	3.704138535	4.020310859	2.841747717	2.285566988	2.021886526	4.208092552	1.194863499	0.4410121	1.767804858	1.170229527	0.684179649	0.009204098	0.047426122	2.259805386	2.617661543	2.6386863	3.135340679	2.763723594	0	0.002926939	1.136461251	0	0.01325905	0	0.003757444	0.032520709	1.454777909	1.113405919	0.872673476	0.858967512	0.679199774	0.197516427	1.441311033	0.152153687	2.249396385	1.809610974	2.963221597	3.056965113	11.74452331	7.29904252	5.149789881	0	1.682952363	4.756976055	9.320326475	3.70767609	1.770441826
DB_MAG_00048	1.714397035	1.665647411	0.727741094	0.89175019	0.702296161	0.780817774	0.829338494	0.37882048	0.486251584	0.813910322	0.058444792	0.519017749	0.398027393	0.28658523	0.066026941	0.011813854	0.007188934	0.045587446	0.182831296	0.09147725	0	0.001770993	0	0	0	0	0	0	0.001532485	0.005062923	0.303346592	0.184757963	0.188441299	0.310735864	0.043503751	0.118131571	0.031264404	0.005407297	0.09752505	0.012854951	1.802329767	1.200840005	0.072232461	0.040098086	0.172667889	0	0.050242723	0.932631643	0.466498873	0.101615605	0.005795426
DB_MAG_00049	14.69848368	3.526193649	1.91968247	2.769769647	9.109541507	1.54351145	3.226341139	4.143725089	4.442781825	4.795118671	2.389533153	18.79225363	32.11702174	39.92524478	19.57241021	0	0.297379566	6.219561643	0.050989542	0.039237819	0	0.099564904	0	0.15666901	0.015269802	0	0.019254726	1.89E-05	0.079860126	0.436674513	33.92320724	38.82671189	94.42942724	36.00029082	28.63083497	3.276747537	0.211125262	0.116751112	8.834478186	0.895683266	4.855314121	10.81643857	1.017423267	0.166036103	1.218553855	0.019758287	6.244825577	18.88457833	0.08321563	10.43815447	0.9137152
DB_MAG_00050	0.80556956	0.110332693	0.230133849	1.755043004	1.581823588	0.089757644	0.874279989	1.736044423	1.190346003	2.107926534	0.023920252	1.793084043	0.054766546	0.059624269	0.185807771	0.003559373	0.016101664	1.950832457	0.166288122	0.702090836	0.259653298	0.011277542	0	0.021777246	0.015157231	0	0	0	0.034086144	0.01682588	0.09885697	0.020251538	4.398100412	13.14286735	0.185686831	0.220355339	0.015731748	0.009600552	1.657852148	0.211054885	0.677443168	1.76761314	0.036957395	0.006516859	0.108215835	0.001577141	8.94710345	2.400422962	3.46726583	0.641408904	0.160494116
DB_MAG_00051	21.22393503	19.27448397	8.944514512	6.475865082	15.19598275	20.55297564	15.78460382	11.09680059	7.54157403	21.10158535	5.238071655	4.415117388	15.97060915	11.02368735	6.481818409	0.290797526	0.697159136	14.22995651	12.22226611	10.03211997	4.40975913	9.889415182	0.056978742	0.289553062	33.35653853	2.445386404	48.92024613	9.664772168	0.742493943	0.130982768	7.187980137	6.769227313	2.91373217	6.019806843	3.153380632	0.402158439	3.150410834	0.278214541	14.55973807	7.407865393	4.333249434	14.23065376	39.77505621	18.66346059	11.86981609	0.974199716	10.98918425	10.44196579	14.11117178	8.986974962	9.530795115
DB_MAG_00052	1.609977419	1.947979237	0.849789575	0.951323552	1.301830113	0.122633295	0.520515618	0.348926325	1.062748681	1.001006784	0.839691211	1.104859406	0.485874657	0.215435653	0.058559377	0	0.02179742	1.380305555	2.580365827	1.597803508	0.097247049	0.004403873	0	0.003313202	0.009593107	0	0.005137298	0	0.008034465	0.008954573	1.607500038	1.057072289	0.756137446	1.020730109	0.324923395	0.385781872	0.020553957	0.008023721	1.238199084	0.036583297	0.677038804	0.328279716	0.017833209	0.021819984	0.010231642	0	0.747711807	1.134781179	0.324534096	0.422153811	0.333405175
DB_MAG_00053	1.640891449	1.48143918	1.073414321	0.354497621	1.218713531	1.176327603	1.266074104	0.827303692	0.917631306	2.186012118	0.343908114	0.184846788	0.923093765	0.765068203	0.437571192	0	0.026408303	0.522732344	0.04589258	0.18723412	0.244511362	0.15168014	0	0	0.113119526	0.037898194	0.678675743	0	0.010540369	0.011521196	1.001133287	1.007631203	0.176841612	1.052997673	0.800069023	0.084393551	0.165231	0.016237085	2.272665917	1.119393491	0.588659818	1.454669195	2.00873298	4.948057179	1.178000691	0	1.052461343	0.492064098	2.149919157	0.911304594	0.798980869
DB_MAG_00054	1.6692431	1.056433642	0.101424074	0.051218038	1.34629256	1.679617234	0.745746513	1.63976293	1.112102262	1.866273491	0.452700279	0.023754835	2.0008622	1.298658744	1.072011391	0.007796678	0.008411525	0.054833039	0.27473297	0	0.004757683	0.073583731	0	0.007068319	0	0	0	0	0.000511963	0.01049824	3.530551899	0.849775344	0.446171102	0.89437402	0.786395513	0.177863187	0.084373653	0.036044385	2.496732267	3.349743464	2.531451052	3.088685588	13.06409002	5.863358264	5.006300046	0.000782855	1.549083278	0.566758877	0.267100987	2.113213318	0.127755136
DB_MAG_00055	5.484231889	4.664401857	10.35663973	4.185661533	9.595877695	3.1681099	4.910706928	8.984762784	30.8853059	4.448921323	34.16278959	23.09895977	19.27988654	18.95749568	20.57266885	0	0.394367989	92.23524191	72.84722433	34.38847731	24.54150341	210.0604935	0	0.199081466	47.15855919	154.185238	13.6263316	69.15501707	0.31373536	0.593982238	40.892244	29.04533408	65.43357419	35.40148122	22.30127063	53.83032663	0.29126852	0.224987888	21.03842559	63.17628222	11.68590266	15.47533869	18.34316394	1.846265392	8.905896806	0.004841586	18.04788103	51.68765606	4.311840993	4.668205735	68.36293667
DB_MAG_00056	4.252345968	4.763291815	3.53654376	1.32282045	3.232740473	2.850304605	4.288030632	1.074248017	1.722240297	6.40734799	0.805867292	0.611631661	0.932804345	0.301297192	0.206015627	17.42771517	12.67454958	0.333920009	1.800911606	2.019831477	0.244637146	0.116534381	0	0.009868973	14.03885143	0.096445004	0.973511493	0.006708934	0.024741552	0.004573545	0.90836507	2.011300785	0.263860047	0.166785469	0.57835117	0.783697217	29.3835836	0.002987663	5.660478892	0.794142001	1.842113431	2.827372744	3.124101427	11.68562727	1.739925781	193.7117943	0.33409815	0.418670526	3.915079444	1.048692522	0.676855244
DB_MAG_00057	0.869403837	1.121746489	0.930249156	0.616894299	0.943229064	0.625139147	0.345144656	0.470702147	0.297866412	0.191861977	0.745356889	1.748853138	0.751451155	0.329263685	0.027778195	4.717232587	0.014443577	0	0.001116288	0	0	0.01545165	0	0.018873229	0	0	0.00433635	0	0	0.006258435	0.443534333	0.570558527	0.157613726	0.119259795	0.050608278	0.429184011	0.015008343	0.005851716	1.679948751	0.218271413	1.353998147	0.470435751	0.076079817	0.012389508	0.014115564	0	0.017449624	0.583564337	0.062034245	1.015588326	0.573346318
DB_MAG_00058	3.180108164	2.772669499	2.797684408	3.086233352	3.111397233	3.171532506	5.153427769	3.00777328	3.159932765	2.454689685	1.766811685	2.597785104	2.283363693	1.484321275	1.094892027	4.110119324	1.808072542	0	0.004855949	0.00010661	0	0.008501171	0	0.002741703	0	0	0.007515817	0.007568922	0.003137255	0	0.152347956	0.049418759	0.24560557	0.749277366	0.021709354	0.038261415	0.019642515	0.00503551	0.347148763	0.028144749	0.395785578	1.106197722	0	1.949441358	0.400800408	0.002307006	0.099231385	2.472750146	0.453108718	1.985146375	1.090808563
DB_MAG_00059	0.027256485	0.037702054	0.35628329	0.713056535	2.311481329	0.581571011	3.610555823	8.332605703	0.414914125	0.019217975	2.309702528	4.547928477	0	0.040068036	0.020758011	0.00964935	0.004005062	0.034642632	0.005435618	0.009716998	0.003908139	0.012492122	0	0.019278038	0.077414083	0	0.000485488	0.002886189	0.01556722	0	0.008602093	0.003788211	0	0.00209979	0.007742704	0	0.086878024	0	0.013412842	0.004910563	0.025684299	0.009326269	0	0.021183338	0	0	16.63723182	4.289322708	0.007813547	0	0.030079987
DB_MAG_00060	5.169961618	9.930574102	4.849562678	3.920850895	7.454094221	6.063566882	4.467816331	5.878084906	5.20375067	11.08977832	5.295273307	14.61248093	9.207886517	9.408761641	11.9509239	0.044702691	0.194318457	4.055403784	0.661431258	21.13008009	4.088750414	8.51314746	0	0.12635911	5.223656271	0	0.036314306	0.007930616	0.014594062	0.103972977	5.652856066	24.94316234	9.311608758	5.297918861	22.60333446	0.199253707	2.7201493	0.263799885	22.11270715	3.461442055	7.912211015	13.6792264	10.86840027	11.33790249	17.94045187	0.008576093	13.57413487	6.201346705	20.15937454	4.611575137	12.22228427
DB_MAG_00061	5.210888529	3.31483892	1.501977367	0.800973853	2.621413306	1.286762486	3.403861094	4.768200365	3.248098345	6.36351469	1.624045299	2.04289397	2.823366721	2.243000867	1.487549209	21.57623565	4.450723286	9.499123418	184.2031603	8.822797395	1.236252676	3.127014039	0	0.027232955	0.216982301	0.796846491	42.59049134	0.010924511	0.094444811	0.015640489	0.751378622	1.389358139	0.246337488	0.828690861	0.836100468	1.126459422	6.939542704	0.02204019	4.559423344	2.129690288	6.57326076	11.63615721	26.92757298	9.221829349	9.338229896	617.1363136	1.162196726	1.324014974	6.019169233	3.053838527	1.015513568
DB_MAG_00062	3.16783057	2.945485014	1.244365663	0.251436182	1.179729314	1.938019021	4.307612721	0.958395373	3.105707842	6.327142219	0.287652058	0.21680006	0.149946458	0.821401484	1.096910324	0.026085463	0.214425973	0	0.0451116	0.023239628	0	0.071194265	0.2967552	0.194534664	0.21456066	0.006098999	0.029841316	0.001184133	0.616700257	0.004195862	0.27393095	0	0.006849315	1.16E-05	0.00793902	0	1.492348841	0.010334074	0.004528396	0.032813768	0.000421439	0.012322589	0.031386486	0.066232361	0.01977223	0	0.27692341	0.057015559	0.049259897	0.027210118	0.00600253
DB_MAG_00063	2.022792542	1.100783015	1.087171372	8.52312248	1.796926224	0.102043584	0.886345801	2.37429587	2.863778534	0.119851693	0	0	1.183939565	0	0	0.026973027	0.008082914	0	0.095356805	1.278409165	0	0.281180367	0	0.151893894	0.040352297	0	0.015365945	0	0.017054519	0	0.005164319	0.028754064	0.005355387	0	0	0	0.071882683	0.004413103	0	0	0.002838828	0	0	0.006257091	0	0	0.843329686	23.66825989	0.002021858	0.581200708	0
DB_MAG_00064	0.824191707	1.031388663	1.348865395	1.614234473	0.823693555	0.154743869	0.300718541	0.273317886	1.112752648	1.323110447	2.016295262	1.803178281	1.643836106	0.024252948	0.036401234	0.004777044	0	0	0.159820664	0	0	0.019719297	0	0.002088615	0	0	0	0	0	0.001202546	0.088811596	0.046844831	0.113942184	1.627589634	0.44981941	0.103727534	0.053947025	0	2.201258784	2.267220258	5.08124381	8.19058692	1.165053737	0.884224546	0.238655367	0	0.025689749	1.862840076	0.102373205	0.796486199	0.005099381
DB_MAG_00065	59.76437438	30.63197842	75.95637813	121.5776163	37.05150872	13.60457385	60.4908945	74.14748262	32.78809657	25.83141547	69.30011758	50.24352663	57.37389269	40.52712867	75.09017834	0.000365637	0.296304733	0	0.407027216	0.02934915	0	0.434508717	0	0.785644892	0.09158543	0	0.108810619	0.0017607	0.109997918	0.345807964	24.0693722	9.586342904	13.61047774	15.16732324	32.26823019	0.745944692	0.136267516	0.06753215	63.38258771	64.11194504	21.19533018	26.37985002	9.38025889	13.46938613	27.46054141	0.002887166	32.60942933	41.3087146	0.647412673	0	0.001326046
DB_MAG_00066	0.660689096	2.503610763	4.038241253	1.635752852	1.41891652	2.761460097	2.755199551	5.185673794	0.442744836	6.503663115	4.586763865	4.601869334	0.590465007	2.003232745	0.495899997	0	0.015838512	0	0.014925154	0	0	0	0	0.014710745	0.012949426	0.004084644	0.010172002	0.004335644	0.000158464	0.005341182	0.004884981	2.381057816	0.698925203	0.190408764	0.071229449	5.18656018	0.027142639	0.000194966	0.023728298	0.005175859	2.165035579	4.182843107	0.002187261	0.004438748	14.00004435	0	0.60004735	2.198340874	2.126941693	0.093689417	6.087347671
DB_MAG_00067	2.228436743	1.39698246	1.7808111	1.371966342	1.430263479	1.921859285	1.989510181	1.541373762	2.072379283	3.540925055	0.952145445	0.23265286	1.490940945	0.856572068	0.769363022	0.017539921	0.058336906	0.883747158	0.336106295	0.19419408	0.244701367	0.538844186	0	0.001079841	1.258090866	0.040341099	0.03694249	0.003164857	0.001266736	0.00600056	1.954936335	1.073067961	1.37155165	1.730398925	1.873297256	0.36477746	0.88671192	0.058631393	7.138831546	4.669161971	2.811646741	1.507306122	9.142747294	11.04046479	8.390486213	0.006125346	4.479323295	3.169873989	3.211349331	5.382813834	0.83656033
DB_MAG_00068	7.830633409	4.59148379	6.065947666	2.832441012	6.866422594	8.206715966	7.391869221	3.191396905	4.581767007	9.421862277	2.379500803	1.264724595	4.815971248	0.103703466	0.042213681	0	0.019318565	8.114703034	8.750183582	2.622907184	3.395751804	4.004798149	0	0.039991666	5.677330106	0	0	0	0.016907098	0.005533172	0.043197966	0	2.57775142	2.152364611	0.940017027	0.937531061	0.261331773	0.071621537	8.097327319	9.85758108	5.449263181	4.082209035	4.528798439	20.75793313	12.47434715	0	5.58187731	6.94804669	5.212802301	4.048787183	2.693973711
DB_MAG_00069	1.29501781	1.738884888	0.919377026	0.670092014	1.3025916	1.747449694	0.65844974	1.58576963	1.450958547	29.53108689	2.504523142	4.193740075	0.187968733	2.463884199	2.291708579	0.17212499	9.625617527	0.325928626	0.620382683	1.341619557	0.757196751	0.539833948	0.004272031	0.832217255	0.317845208	0	0.098278434	0	0.011203485	0.014695078	2.310703425	0.194669284	1.056005614	1.42269138	1.625161424	4.306204777	64.89855693	0.019088399	2.757012641	0.057003651	1.312766197	1.181311257	11.56824253	0.30153768	33.7595837	0.2175005	0.218554995	0.08191692	19.94430501	0.135195493	0.006660001
DB_MAG_00070	3.100451202	2.61052449	3.42583369	1.594779119	2.418115138	3.730304022	2.977877555	2.551449121	2.91982851	4.691964159	0.943782368	0.96113602	3.679710002	6.322351754	3.217299471	0.78299013	3.22123072	2.120384572	2.233106681	0.900271354	1.587275887	2.358506063	0.018091767	0.001973443	19.07827572	0.951572593	2.79009948	0.325150591	0.06067869	0.172337076	17.99674606	4.437018411	0.753529447	1.658381172	3.299570653	0.178347389	11.59342006	0.123777699	56.90494302	7.916392335	8.036967089	10.48489466	17.27628996	18.06997766	12.59283215	0.001155986	5.677981104	0.980559114	5.869370594	3.493045262	1.410951261
DB_MAG_00071	1.703585415	1.445690187	2.242735244	0.942782487	3.005126308	3.884763454	1.169590715	0.312756255	0.363739289	1.497706241	0.302248457	0.122427093	1.032252726	0.334815139	0.413667556	0	0.00223398	0.531825038	0.356903733	0.065866069	0.111809836	0.476308674	0	0.00108642	0.012331238	0	0.009320118	0	0	0.003539095	0.064029355	0.007218365	0.035177363	0.032056474	0.013405593	0.042624238	0.232603491	0.011955611	0.025954524	0.196571898	0.065746413	0.081117634	3.504601847	1.508149684	1.797871056	0	2.956567208	1.679002693	2.022734664	0.722641073	0.436220261
DB_MAG_00072	2.457397828	1.770398435	0.60512894	0.547149443	0.543594574	0.167353543	0.327087424	0.520765627	0.561263858	0.445274325	0.215452673	0.445571094	0.313667928	0.094749183	0.061464276	0	0	1.597033368	0.436512435	0.231978476	0.213536369	0.262571973	0	0.010304336	0.000205642	0	0	0	0	0.010974406	0.041862933	0.051642603	0.109534613	0.139371789	0.086032477	0.046497701	0.000745106	0	1.106355825	0.073837112	0.780621072	0.478565789	0.633065187	0.541893343	1.009220219	0	0.178461579	0.091947077	0.111745685	0.681354538	0.085542478
DB_MAG_00073	1.631166624	12.37293775	7.697734298	1.921538059	3.035850592	3.608496625	34.87209992	12.94981848	24.96471388	36.75038772	2.513163511	7.315695326	6.317907351	10.48842182	22.46839487	0	0.003816794	0	0.011959288	0.004103688	0	0.00959179	0	0.02778971	0.003792483	0	0.001578617	0.004716688	0.007655369	0.006800423	0	2.214874705	3.937473264	0.004087822	0	0	0	0	0.004926259	0	0	0	0	0	0	0	0.054986107	1.159970606	0.004021114	0	0
DB_MAG_00074	0	0	0	0	0	0	0	0	0	0	5.776446478	3.49576848	4.123985542	0.556633621	0.130853878	0	0.015761559	0	0.00737307	0	0	0	0	0	0	0	0.000341723	0	0.000677507	0.018408966	0	2.446438049	2.003304596	5.805960312	0.879087808	4.039225127	0.001510957	0	0.001219466	0.583975114	0.375685006	3.925325362	2.745218064	3.114528123	2.320100475	0	0.000860946	0	0	0	0
DB_MAG_00075	0	0	0	0	0	0	0.057751709	3.654770814	3.398171873	1.587689486	1.085247993	0.414867074	0	0	0	0	0	0	0	0	0	0	0	0.005308942	0.005287769	0	0	0	0	0	0	0	0	0	0	0.051219543	0	0	0	0	0	0	0	0	0	0	1.232605734	13.19326149	0	0	0
DB_MAG_00076	0.177881765	0.840445573	1.174017009	3.500870572	2.811039935	0.113760107	0.168073465	0.563179739	1.073073425	0.090818499	0.119190365	6.727984334	0.138481351	0	0.004669887	0	0.021314501	0	0.014338827	0.003785632	0	0.025418367	0	0.019683448	1.10E-05	0	0.021060956	0.004081938	0.000702679	0	0	0	0	0.003448939	7.528796849	0.472059366	0.004006305	0.017008555	0.594136655	0	0	0	0	0	0.004976678	0	0.001242397	45.67688358	0.061658834	3.952403481	36.16755594
DB_MAG_00077	5.102766766	3.063435602	1.883469265	1.416912667	5.145050432	1.358868406	0.652128345	0.316770129	0.323519248	0.383622716	0.265551117	3.082398057	1.85804041	3.36613757	2.212913273	0	0.00664345	2.669715797	5.566260097	0.096404373	0.014309127	0.042550177	0	0.05980711	0	0.003254581	0.006347125	0	0.027053143	0.073721017	8.311997826	8.82074884	7.86875503	9.698262256	4.609332627	1.904372127	0.050913847	0.024675124	4.029529132	4.39430544	2.275886304	7.589563628	0.90533768	0.371118474	0.174813286	0.001867789	1.659594961	1.368925215	0.136140551	0.90360394	0.224092817
DB_MAG_00078	3.923590746	2.420914859	1.133142294	2.750054445	3.973050005	1.150839147	0.555074316	2.023371924	2.48516776	0.326670727	2.139876741	26.53550113	3.300856028	3.786625936	2.271471634	0.060238368	0.094708638	20.67513452	82.57876257	10.43580188	0	0.086361442	0	0.03464905	0	0.029889035	0.031669126	0.001218383	0.085487055	0.283298904	15.64586791	5.213337162	19.89296312	7.339798923	7.176364697	2.404361195	0.031295961	0.054665827	26.10526989	6.866408925	19.47738224	21.80562337	0.427429681	0.118223597	0.110465751	0	7.524577549	48.30690475	0.079088736	3.667573046	2.982974867
DB_MAG_00079	8.720498401	3.766190482	9.562700887	5.817473219	4.482812983	1.833355347	3.53432174	5.871717032	8.155751733	7.162998908	9.266982495	20.01097956	10.45324343	0	0.019549359	0	0	0	0.007567802	0	0	0.003853936	0	0	0.00288987	0	0.004647128	0	0	0	0	0	0	0	0	0	0	0	0	0	0	0	0	0	0	0	0	0	0	0	0
DB_MAG_00080	0.69462103	1.029942456	0.328667877	1.615805478	0.410928248	0.083294274	0.557683102	1.238353104	0.851855459	0.852227286	0.484008869	3.123212175	1.164632125	0.29717478	1.662683475	0.003679682	0.071307543	0.087128179	0.068734656	1.922003142	0.492392138	0.513257648	0.002740926	0.10019388	7.120793244	0.280684116	4.805250841	0.25639444	0.392507776	0.068153599	4.37494339	2.706619524	6.796713132	1.365890141	1.030867567	0.120446299	0.274649364	0.029262332	3.600135882	0.094071221	1.361917607	0.292085512	0.728991799	0.884542933	0.187312513	0	3.698489481	21.05911934	0.567549924	0.245567991	3.086536669
DB_MAG_00081	0.594616174	0.150751159	0.854149029	1.1000418	0.427611236	0.123393664	0.147982127	0.337115834	0.286567029	0.344326639	0.986794202	2.215619623	1.905785381	4.762700242	3.580844509	19.17487732	19.13794079	5.414969139	36.42287527	1.468636749	0.085599136	1.929189202	0	0.000299437	0.074271344	0	0.008786066	0	0.000948509	0.093060278	22.76485777	6.867598648	10.50754322	15.43020318	6.327387843	13.0717357	0.018855637	0.002186613	1.913658307	4.73079646	8.5880665	4.764597459	2.919311541	4.966546093	0.046024803	0	1.648334393	0.325268687	0.363231508	0.626473185	1.07053721
DB_MAG_00082	2.282353971	27.38646173	17.80745674	16.39414229	4.074288895	6.906875333	49.39825553	33.37223135	24.20503417	145.5580414	32.48906026	1.779723316	25.17552174	7.204535828	8.306877492	0	0.025091085	0	0.022950215	0.011637586	0	0.013635674	0	0.093615477	0	0	0.002046273	0	0.056874441	0.001719784	1.485688082	7.395945127	2.644307484	0.006230336	19.6207487	1.575640703	0.001497274	0	0.000108847	0	0	0	0.018398268	0.064454684	0	0	68.20749622	17.26037735	0.089648874	0.030843313	0.015964821
DB_MAG_00083	0.002194701	0.109359796	0.082870608	0.09650092	3.687498575	5.59686879	7.627830347	3.45610558	6.343183048	0	9.385387069	7.673125517	13.40003514	0	2.19E-05	0	0	0	0	0	0	0.006771362	0	8.34E-05	0	0	0	0	0	0	0	0	0	0	0	0	0.00352454	0.00032634	0	0.254454319	1.730567115	0.013930613	52.57973556	5.250005852	18.72030815	0.00975275	0	3.914932051	0.003901895	0	0
DB_MAG_00084	0.01353501	0.010122544	0.161566493	0	0	0.000103736	0.00324412	4.72E-05	0	0.000499821	69.79176073	54.14952332	147.2816571	153.4998216	425.8708946	0	2.72842257	0.003056646	1.011803273	0.062700428	0	1.280015735	0	1.565675189	0.467037448	0	0.097966783	0.004406596	0.579769929	2.836660114	298.5215793	90.35144952	144.2369513	384.0057983	345.7263396	0.019821556	1.209245954	0.694527673	186.2754439	266.0682741	380.8890041	248.863382	379.2048872	307.0164273	194.7317018	0.403998518	0.070406089	0.146015626	0.109015906	0.003582271	255.09617
DB_MAG_00085	47.53711875	9.153832292	42.35043837	27.91646513	66.72726763	50.94787144	33.41327701	16.86564632	61.75232359	0.249686581	26.46798354	55.60509516	2.427434393	114.3400165	18.88682926	0	0.057951284	0	0.032980307	0.007370695	0	0.055580716	0	0.141882541	0.034117763	0	0.007344617	0	0	0.037334792	0.001960892	104.7888072	4.301539787	27.20790949	0.238201818	0	0.027422335	0.013199342	0.029104506	0.009483821	0	0	0.016152081	0.004656842	31.0205247	0.006707904	0.003767857	10.07003011	0	0	0
DB_MAG_00086	1.837282592	0.849202295	0.737788127	1.422239578	0.938700753	0.479338964	0.380477188	0.422245911	0.90923069	0.585738124	0.544935876	3.273349721	1.403107044	1.695131048	0.677000993	6.971873718	0.536297938	3.088545022	45.16430005	4.297184874	0.063167887	9.009505761	0	0.012068931	0.009906252	0.023174721	0.413167296	0	0.038346333	0.007668985	0.435601973	0.404928833	0.60479541	0.608147418	0.425835908	2.220753794	0.193793493	0.045140374	0.312246902	1.506549418	0.868466987	0.560635786	0.306681562	0.085572127	0.051594975	0	1.268711557	3.569826078	1.897148973	1.094133217	4.65294853
DB_MAG_00087	0.237572465	1.37302495	0.263837067	0.088109993	0.520263096	0.963788712	0.439997195	0.227367474	0.646068449	7.688425674	0.108038032	0.329650742	0.234182977	0.256268734	0.289023977	0.50952336	1.976213854	0.639527504	14.03829536	0.377473276	0.927118792	0.453215883	0.184177803	15.61512168	13.3270823	0.121837403	2.280161075	0.621544656	2.543594799	1.819566597	0.023386274	0.019257025	0.001093482	0.155188231	0.034816042	0.16461951	5.197470922	0.039761288	1.022500284	2.251024942	1.1666529	0.566226126	1.862744063	0.788675035	0.591639155	4.166415293	0.323435646	0.777290873	0.845152297	0.137549893	0.259622838
DB_MAG_00088	0.005524919	0	0	0	0	0	86.57455848	122.4732574	70.0088452	88.46701889	80.19479485	59.1472056	105.9341441	0.003247124	0.00187587	0.275430223	0.586776536	63.89735657	1046.190446	92.31873594	96.1818501	0.362814823	0	1.041546944	3.45808917	0.011782193	0.062900586	0.012425286	1.961088517	0.090052781	0.00761822	0	0	0	8.20E-05	0	0.655312017	0.074755814	155.1240578	58.89991815	269.3817273	212.6806843	172.4274062	78.67821823	143.3358045	0.025706012	24.53576619	44.25388454	1.62768013	0.018331531	0.004655224
DB_MAG_00089	6.31874831	10.20031987	4.492817203	2.951468236	5.97575962	12.15817031	6.893205355	4.925755901	4.005813729	12.04223462	1.679213153	0.979768702	7.637575812	2.882707836	2.098761877	0.006636297	0.173200679	1.999612018	3.782508598	6.069768949	8.778145254	8.595739442	0.006751764	0.077546779	12.1774305	2.579809553	31.13433974	6.970378416	0.12169709	0.003527391	1.501605592	0.802915376	0.642471579	3.22558269	0.963861419	0.780400111	2.127376711	0.312077611	4.941309585	4.927848365	1.736922357	6.671527243	22.09279524	15.51082198	14.21453914	0.012543993	6.536347375	2.520843105	15.35126017	16.8947039	4.963011764
DB_MAG_00090	6.868796326	2.98532634	2.793396596	2.206970277	2.361432128	2.588171941	2.132393008	0.948237613	0.967164536	0.497387269	0.838751944	0.926875939	8.02391455	6.045605637	2.426957009	32.80377523	0.691624641	4.436334993	1.191955054	0.066397353	0.156454581	0.368361974	0	0.011851322	0.009852793	0.000890076	0.063298546	0	0.292080977	0.022744929	3.87498585	4.647628948	21.363573	9.319425532	3.633666973	0.56980038	0.121548574	0.001156747	7.525591312	0.953163317	4.997743729	1.239129459	11.36896699	1.451201214	4.284951109	0	0.818481927	7.035732187	0.120635318	6.844077646	0.139195488
DB_MAG_00091	1.292982824	4.0032045	6.408819628	4.044214611	11.98987944	13.77081311	9.70412711	6.22972183	3.831346185	11.9712503	7.130321133	10.53633533	15.33174693	0	0.015911586	0	0	0	0.003160747	0	0	0.02843951	0	0.020807928	0.000310119	0	0	0	0	0	0	0	0	0	0	0	0.044086355	0.022700781	0.001343911	0	0	0	0	0	0	0.01972102	84.62531029	0.336794617	1.198072914	10.33094107	0
DB_MAG_00092	1.608823782	0.721023273	0.769480789	0.444489317	1.074767522	1.409317568	0.972394886	1.004119139	0.886489223	1.401204582	0.209782208	0.184352778	0.730817751	0.490608658	1.17492279	0.006188939	0	1.863767995	1.202084161	0.939840537	0.23763954	0.698675169	0	0.003697545	0.366795893	0	0	0	0.000403416	0	0.304642929	0.248854507	0.140800389	0.21562253	0.119183381	0.079797225	0.018232657	0.007056875	0.821236438	0.659395228	0.644485321	1.131971923	6.311966209	1.396103111	0.806485152	0	0.056039624	0.266682212	0.713259943	0.765054903	0.129186969
DB_MAG_00093	0.19108432	0.871466895	0.675326918	0.782322992	0.525807374	0.164441455	0.633346405	0.513867538	0.545207745	0.332845297	0.378720342	0.227560901	0.504332692	0.330460714	0.127620668	0	0.022994912	0	0.006501583	0	0	0	0	0.005660183	0	0	0.001036484	0	0	0	0	0	0	0	0	0	0	0	1.201922169	0.392502665	0.932530882	0.810451131	0.03171907	0.470552242	0.051085678	0	0.260042182	0.009457483	0.006205216	0.47484463	0
DB_MAG_00094	1.311040069	1.818298628	0.302522232	0.612570921	2.456142625	0.19008303	0.159423797	0.39847547	0.50318893	0.19267298	0.073638261	2.054669987	0.341985539	2.615865072	0.617087323	0.012504527	0.022489715	2.568469773	7.456720955	2.104594798	0.575735378	0.432476978	0	0.053730843	0.008064054	0	0.008474803	0.005566228	0.100818401	0.034399861	4.983367465	4.340056061	4.007230574	0.535211743	0.491526495	0.175181887	0.007661783	0.014128741	1.936624062	2.083778742	2.141406059	2.328463846	0.379184446	0.726527284	0.009639427	0	0.780957693	1.599201046	0.099743928	0.381093746	0.317459942
DB_MAG_00095	0.923233092	0.873570368	0.365750941	0.285350499	0.533682282	0.180239011	0.440474907	0.923946026	0.561350858	0.416362086	0.439409997	1.337481034	0.51136142	0.402629521	0.685983881	8.387966468	0.390364212	1.285370715	5.064432883	1.69452971	0.105987545	2.594331376	0	0	0.006727751	0	0.007802592	0	0	0	0.215025643	0.233233675	0.324896299	0.373992668	0.661725943	1.411514481	0.019701183	0.01080659	0.29445264	0.081513054	0.171463085	0.090223574	0.481437815	0.127766008	0.355758213	0	0.511852464	0.437668022	0.562931791	0.770008076	0.609574284
DB_MAG_00096	13.39767892	16.27165502	14.17704947	8.803780134	10.40459633	15.3266557	12.81073531	8.778987019	19.88017191	15.58494262	0.919941926	0.225160611	3.229117026	1.331217864	0.877664539	1.237801317	3.323795146	1.057053931	0.880419095	15.87235248	9.600477782	18.52610246	0	0.001734958	469.0254655	10.77470601	0.083361846	0.00847296	0.018658956	0.021073733	1.35118161	2.799150935	1.613781629	5.407518979	2.91060435	0.012267737	28.46079331	0.435020867	15.55658814	3.367672122	6.750733784	2.999098527	5.020841861	17.24861199	2.262052329	0.023534071	18.07024803	3.512131701	22.17947806	28.00206549	7.495470738
DB_MAG_00097	3.077251847	0.692687681	23.6160086	7.200307213	2.305661793	0.153365834	4.270654977	3.126314093	0.073248075	34.41369415	0.040857696	1.483364275	18.16369324	19.80607829	26.56894748	1.09E-05	0	0	0.01627153	0	0	0.023488323	0	0.02116617	0.011971749	0	0	0	0.012273236	0.000625777	0	0.381813741	0.038641129	0.798815225	1.531944845	9.121365568	0.001980872	0	0	0	0	0	0	0	0	0	0	0	0	0	0
DB_MAG_00098	1.383719412	0	0	0	0	0	0	0	0	0	11.81441953	10.95159396	37.05234893	0	0	0	0.014748267	0	0.000489268	0	0	0	0	0	0	0	0	0	0	0	0	0.002970041	0.005552686	0.00992166	0	0	0.017010866	0.011732914	0	0	0	0	0	0	199.2868759	0.01567437	0	0	0.000465261	0	0
DB_MAG_00099	25.14119136	61.76253183	23.53469064	18.3142236	4.5876711	2.857978707	3.805615935	21.3602549	22.12175235	45.61528445	31.33995019	7.369303499	0.977359031	0.009287449	0.098929875	0	0	0	0.026963276	0.015139632	0	0.040764371	0	0.072955415	0.00846884	0	0.00589009	0.005074627	0.028925557	0	0	0	0	0	0	0	0	0	0.020525473	0.00666908	0	0	0.009067997	0.083748848	0	0	0.003598673	1.778582369	0.004211895	0	0
DB_MAG_00100	121.9910398	39.66762401	74.28478041	47.57116771	126.8811814	102.5179152	81.78729832	48.59038184	21.40177297	4.765654792	32.47434933	46.07805084	6.897706298	0	0.432759663	0	0.00766835	0	0.120049384	0.01075756	0	0.109749317	0	0.321550164	0.008204854	0	0.005687576	0	0.003935377	0	0	0	0	0	0	0	0.021899597	0.008066907	0	47.93747843	6.689401555	0.008162969	0.074829564	39.23343804	0.019814632	0	0	0	0	0	0
DB_MAG_00101	0.971142692	0.499039359	1.926757927	2.606400209	2.562642553	0.675843934	1.831792965	1.262591956	1.056017326	0.924396563	2.015749935	6.575182332	1.458717117	1.159239868	1.129111058	12.61192321	0.809970028	11.03332727	235.998577	2.822292699	0.344676738	2.212939771	0	0.118569082	0.010610468	0.125417486	0.333196696	0.625820901	0.705051791	0.012912049	1.143675558	1.846557675	1.445658585	0.573571479	0.777269839	4.687616224	0.050876992	0.001731946	1.360003799	4.134637617	5.408817777	2.836711719	0.781299716	0.375807399	0.549217281	0	1.213601029	3.358543207	0.491728442	0.674687201	2.660499781
DB_MAG_00102	0.115664067	0.051282093	0.129396982	0.191298717	0.369249176	0.057624891	0.181735449	0.276832288	0.329444869	0.17482784	0.491245491	0.72596434	0.385291693	40.74270905	37.98199186	0.008817328	3.016593652	1.682269431	2.571148217	1.570463505	0.054336035	3.405613537	0.024285407	0.779647015	5.890433665	2.258646034	1.463329332	1.691976316	0.3664545	3.695310099	116.6440875	297.8864115	358.5242658	172.4818781	77.10565119	127.9257037	2.199515341	0.609300795	1.158760781	0.676249679	1.46061311	0.75794322	0.590399836	0.46894496	1.080052079	0.046335777	1.748006247	1.712918735	0.757332007	0.251167848	2.093915093
DB_MAG_00103	2.633664305	2.357106912	1.364975371	0.450184263	1.816448198	2.387885184	2.174073313	1.654194093	1.143434369	3.547111053	0.608645394	0.493958436	2.220499964	1.26342231	1.156030207	0.748565601	0.050373256	1.414945781	1.837542313	2.026405349	1.787190866	1.61341671	0	0.001682864	0.061778567	0	0.00666804	0	0.011655998	0.017364135	1.794710742	1.509893942	0.585934703	1.125248156	0.965327588	0.23194433	0.260745495	0.027106535	5.560978002	2.659652827	3.589999791	3.890351983	7.483534154	3.689297468	3.491986541	0.00245227	1.398105831	0.954975152	4.389790738	2.120780534	1.573638985
DB_MAG_00104	34.61347988	30.83571932	34.34861098	26.20564437	22.6206793	13.4722535	9.212851886	51.66805302	4.612573383	4.940902216	14.34169992	19.2560587	21.85375184	20.63866372	15.08776548	0	0.021744894	0	0.06011177	0.008703447	0	0.133788982	0	0.069002147	0.009457167	0	0.006218174	0	0.007459427	0.006157667	2.520226867	3.088209651	0.505717911	0.290912116	0.179335911	0.916629221	0.098998002	0.081396629	0.394114505	0.494949142	1.480582532	2.740637068	0.409117891	21.97940527	0.39841612	0.001073605	23.82988931	1.28965001	3.425679572	31.698089	16.51808392
DB_MAG_00105	3.296335047	1.167211949	0.291219986	0.173911358	1.540006085	3.151792524	1.058361067	1.529834485	7.437712559	1.760037296	0.110164406	1.552399821	22.35232664	41.99573007	3.96518309	0.467410162	0.036514473	0.40779316	0.016328138	0.323794199	0	0.04526423	0	0.01324787	0.132018097	0	0.008028966	0	0.006425387	0	0.019988685	0.258983038	2.186587397	0.09140897	0.132589135	0.067594907	0.154150874	0.005908287	49.84184043	0.011186123	0.130231334	0.007854406	0.046830904	0.594012486	0.701211187	0	13.75358174	26.86940969	2.138046378	1.092271441	0.003744882
DB_MAG_00106	62.83974985	57.05242648	33.54688443	13.04754817	19.73659849	50.71784362	20.4672294	11.98260396	14.09993169	13.36110615	15.17721756	43.54474034	58.79559136	2.131980176	0.494413721	0	0.01439738	0	0.117964783	0.005513147	0	0.064698816	0	0.107733766	0.01202455	0	0.01946744	0	0.005428329	0	0	1.104223637	1.673982432	2.022517953	0.368349798	0.078825525	0	0	0	0	0	0	0	0	2.581900613	0	0	0	0	0	0
DB_MAG_00107	0.675778468	0.671169705	1.762292707	1.598673615	2.803521234	0.22936996	1.162272544	1.110094078	2.312193713	1.910515258	0.860451233	2.085146673	0.768964508	3.202674204	1.115863459	1.183575452	1.12996938	1.835081066	3.251540456	1.144557947	0.289335335	0.212419093	0	0.046153234	2.536808825	0	0.004726954	0	0.017069476	0.055126236	6.199852583	4.551629477	3.766266195	2.792586792	2.285302919	2.743218401	0.035296474	0.01625499	2.921493268	0.840658625	1.41289951	2.580897891	0.562944256	0.932003026	0.416397209	0	7.20722157	9.439828219	0.316833578	0.702432663	2.73965216
DB_MAG_00108	0.892012405	0.513150658	1.645657487	1.292363316	2.138654646	0.764270837	0.081795628	0.032572519	0.198815013	0.076231323	0.083149353	0.437158019	0.211699531	0.606850858	0.596371403	0	0	0	0.00874131	0.006296175	0	0.010607601	0	0.00200039	0	0	0	0	0.001208094	0	0.42095495	0.120620857	0.056333485	1.180792237	0.079650589	1.232176986	0.002350135	0.003621486	3.027150001	0.012820539	1.284531164	0.035430449	0.004126032	0.028513173	0	0	0.083913605	1.397302003	0.003968541	0.667178169	0.005693514
DB_MAG_00109	35.83627864	30.30005072	52.93773308	24.51314803	16.50349615	15.47738942	14.86156067	14.76406398	3.757854103	4.862427437	11.38000411	7.38008189	18.68947381	0	0.299932517	0	0.014461018	0	0.022638573	0	0	0.050905051	0	0.037415556	0	0	0	0	0	0	0	0	0	0	0	0	0.158180106	0.096912655	0.0203577	0.005932143	28.4210062	1.607645694	0.221855354	44.89050685	35.11341053	0.002018341	42.89639171	55.71120615	2.687050485	82.49416445	5.307827263
DB_MAG_00110	41.09912401	40.7606532	58.10522023	219.0260445	86.48637196	10.60823909	33.02216372	77.96461804	40.03744792	15.17387691	73.33799111	58.23559097	25.19848411	77.47042754	48.28867113	0.413025389	0.661321149	10.07663695	2.811775311	8.783370645	1.914720799	2.705318373	0	2.678389943	3.297627617	0.00297747	0.096138286	1.290065999	0.384728564	0.426401245	40.7695229	39.67917574	15.14269906	25.86825776	18.79629611	2.117297217	2.707741414	0.26987031	25.49850652	7.822871462	13.45495548	7.416139864	0.527553786	27.84073567	1.310729313	0.015357386	72.05104319	86.45605467	26.50357799	14.19584551	74.10955437
DB_MAG_00111	2.722905449	1.740811481	1.817073753	1.469425492	2.699922662	0.411282437	1.059462278	2.644572032	2.505773999	1.269634819	2.398193992	9.310218512	2.412985568	0.51775777	0.956851904	0	0	0.156183121	1.774183665	0.353953589	0	0.109484816	0	0.014574275	0	0	0.000700769	0	0.010089492	0.022577375	3.39190942	0.353940454	1.205297306	1.771649584	1.266176245	2.21202496	0.007851932	0.006081946	3.344441392	4.864634373	14.04649226	2.95526111	0.198598173	0.846201868	0.066003537	0	0.433360458	1.305745742	0.114903593	1.818668771	1.079827196
DB_MAG_00112	5.324218993	3.479904493	12.31249007	12.53598786	7.369366484	8.542270482	5.500875052	5.685947839	6.806342359	17.90424098	12.91914123	58.03493162	9.605395951	0.354470001	0.281307038	0.009094946	0.119890515	7.588128115	15.53033117	16.94942056	1.295361044	1.494108273	0	0.283873415	0.026545129	0	0.015468084	0.000109716	0.759879561	0.065065443	3.335632381	3.380083708	6.936591127	1.191295214	1.027158266	2.950362006	0.105628451	0.086263673	16.27766674	28.3782866	42.66669583	34.88522331	17.82157415	3.591784497	15.74463289	0.008198319	6.209822849	19.41445107	1.21113943	21.9999102	20.81301322
DB_MAG_00113	9.262065094	7.89539381	1.48627545	5.733396481	5.599270074	3.23100401	3.470076751	2.859636861	4.485341434	3.148403003	4.93439335	8.771404735	7.066945005	8.029942525	4.517976055	1.175070426	0.151133148	14.28900944	9.505155842	3.619557815	4.136479755	1.004092867	0	0.077883994	4.283922658	1.30999287	0.513492418	0.090951809	0.040569255	0.043843232	2.41622226	3.248995446	13.19782791	0.811712802	10.90495421	0.487547365	0.284166354	0.03051388	107.1246682	3.187208354	31.42571686	6.062911187	2.009998311	6.155460993	4.120674908	0	0.810437297	6.106913382	0.637593502	3.600311273	1.901523718
DB_MAG_00114	0.280450885	0.131656837	0.05612715	0.340331545	0.563311019	0.004034203	0.066407786	0.096926705	0.022513973	0.012937615	0.199486259	3.976569215	0.268939418	1.582575547	0.394031842	0	0.029922064	8.023490333	0.29787476	9.281560898	0.039018202	4.680593585	0	0.019029337	0.948347362	0.072147577	0.146323356	0.141339923	0.002841572	0.0131744	0.14400955	2.89701112	4.343359723	3.775893571	2.792290374	1.475235709	0.029253819	0.014752793	0.985075314	0.0569936	0.049488642	0.78720316	0.034173817	0.05565002	0.029912481	0	1.80622192	1.554462905	0.06331148	0.098789533	8.511091898
DB_MAG_00115	0.103238561	0.508874953	0.078075962	0.412602428	0.077511427	0.007220327	0.106231671	0.521304612	0.262454112	1.270779895	1.05464602	7.142638142	0.785300675	0.698409656	1.748635211	0.679575212	27.04527281	12.65081669	4.972910467	3.637298443	1.902781295	10.79119276	0	0.057550269	25.81661655	2.019826779	16.2741117	34.77415901	0.106933159	0.004888661	0.113130866	4.681814812	3.295685409	2.114021582	1.614409607	0.122424809	2.762046254	0.011612887	1.009776456	0.152272947	0.190238809	0.121679864	0.137432	0.989585991	0.036469349	0.003967646	1.389181356	9.374475628	0.762934544	1.223030315	3.940327215
DB_MAG_00116	21.42597648	14.19263681	8.941083117	3.40158701	17.39823489	24.34677499	17.695883	9.536751704	7.031969731	30.68034441	4.515009557	3.865024283	22.68668442	16.9333251	8.41121458	0	0.7023326	29.83805665	51.17763887	11.811215	22.86897467	43.27416543	0.002353965	0.077042112	138.0421663	0.882778919	96.75963589	6.211535066	0.123575243	0.449934379	11.19499134	5.117875953	4.707336045	4.800837704	3.40515177	2.042377311	14.67829124	2.483451234	33.11135245	35.20916816	22.14854848	41.95651294	165.0392084	147.9011145	69.50184187	0.056943259	9.663830691	2.274896159	62.41866601	29.06700913	9.901592189
DB_MAG_00117	0	0	0.002560656	0	0	0	32.28202578	39.63970321	23.64610137	24.17954917	11.45258239	8.615535881	11.81482528	8.736229761	5.043946562	0	0.081071018	0	0.0020522	0.00434659	0	0	0	0.014993267	0	0	0	0	0	0.033185039	7.367270661	1.195365284	0.737214356	22.44534153	13.08078458	1.426236751	0.333143521	0.144193702	7.591825913	48.20746379	5.601005244	35.51327767	46.11594932	124.7057064	30.0039164	0.020604752	52.81165106	28.68676602	3.929323756	169.4365697	12.3326225
DB_MAG_00118	0	0	0	0	0	0	0.468858892	3.03438212	1.122379482	6.204067244	0.948469469	0.84727285	7.269604144	0	0	0	0	0	0	0	0	0.001629276	0	0	0	0	0	0	0.014060106	0	0.012204245	0.016694911	0	0	0	0	0.00038481	0.00183878	155.9888852	0	0	0	0	0	0	0	0	15.72976231	0	0	0
DB_MAG_00119	21.63173377	14.80978705	17.81249177	15.72927879	12.39265277	17.46811931	11.76329585	13.56945175	6.607534639	12.93146824	5.770563493	1.686330944	15.01836493	6.266317478	5.940747386	0	0.043616075	0.375702078	0.416998359	0.415123382	0.022021626	0.01971954	0	0.012479706	1.362224981	0.063563153	1.491139866	0.599834871	0.018237584	0.073366022	7.071686539	4.416421941	6.066287807	8.947431612	0.967787166	0.230067992	0.559539513	0.135487703	10.89244977	5.153427656	3.27582493	4.561733214	10.91225719	15.56409682	10.08008622	0.022644258	45.94052375	15.53025503	2.288532852	10.20201649	2.180400381
DB_MAG_00120	8.556927249	5.457077342	14.63619513	28.51511287	21.72548732	2.268450332	7.991078814	11.78445018	6.86581956	6.487625365	19.81201823	62.51660084	7.621460042	13.93854575	8.773375269	0	0.312968034	37.41956396	14.48248656	15.69068782	2.063226064	50.15277759	0	0.504721621	3.277379303	17.0032993	9.928126478	0.024433642	0.097000914	0.516853172	31.11884607	40.87964561	32.1256825	29.27653833	42.80100039	65.47591477	0.326981657	0.137865392	15.13661953	7.828149952	11.24805387	15.18049948	5.346712035	17.67553409	1.149968315	0.001542342	30.08095	37.50413724	9.423010619	10.06799301	28.39588334
DB_MAG_00121	2.050116311	1.853790027	1.185034796	0.555320047	0.52304598	1.139352444	1.592753868	0.308624897	1.119115519	0.825456544	0.211828383	0.661062445	0.676253414	0	0.31463121	0	0.004267105	0	0	0	0	0	0	0	0	0	0	0	0	0	0	0	0.141017133	1.400137459	0.656532265	0.103056696	0.000532672	0	1.577878817	1.178083467	2.580407706	1.366893105	2.639037863	2.830247527	3.283241569	0	0.186877027	0.096349482	0.007738177	0	0
DB_MAG_00122	124.9738265	16.80696848	167.7863531	49.44611568	5.925974349	18.42019122	56.72044748	42.49740423	2.636948402	0.842966952	74.3680625	107.3438232	4.000846	174.2586414	109.8120727	0	0.047446264	0	0.169268455	0.004332935	0	0.075152557	0	0.177166114	0.054516335	0.002610323	0.017730511	0	0.008483548	0.009588229	0.009440849	1.266361743	18.07512668	0.019077259	0.032044926	0.394611157	1.27553917	0.69638214	1.598321963	0.101568767	0.05706688	0	0.080756881	0.048238478	0.03245388	0.011078783	1.270998952	0.291565112	2.024316347	99.73758313	93.77136848
DB_MAG_00123	0	0	0	0	0	0	0	0	0	0	1.096532098	3.841792308	3.417227023	3.171911488	2.594261305	0	0.000894996	0	0	0	0	0	0	0	0.001740263	0	0	0	0	0.013431039	0	0.049987082	0.00828441	0	0.018168864	0	0.008847737	0	6.769460908	0	9.97871819	10.72166419	4.003635066	0.931978611	22.84214221	0.003075666	0	0	0	0	0
DB_MAG_00124	0.386581387	0.262102426	0.302084747	0.723103285	1.188749221	0.096601623	0.214697474	0.792778307	0.313742137	0.324012135	1.194147088	3.831448662	0.334620247	1.762822203	0.544075164	0	0.015791346	3.381933244	1.511971498	2.28516617	0.039336095	1.768233262	0	0.017274646	0.021685938	0.105741978	0.091307434	0	0.003519961	0.089855746	4.809756126	7.326236684	7.709036986	6.417389218	13.31481778	6.837545653	0.034004575	0.027241647	4.865124231	0.731037395	6.257325163	4.768513867	0.358576186	0.931189061	0.200095485	0	1.326231408	6.35868972	0.143055702	0.661165116	5.463993426
DB_MAG_00125	51.50088081	24.51106259	26.53729609	18.34183129	24.15012449	15.76676328	35.35919643	20.0157847	24.19182286	13.74388454	24.39482744	27.77216557	11.53201456	19.30929974	34.06685798	1.961715312	0.478857788	0.181628628	6.265334857	0.035804715	0.102502235	0.809318027	0	0.587539132	0.04051226	0	0.010019099	0	0.313918005	0.601895616	46.9821392	45.9576924	16.27195392	7.137026937	8.558909232	76.22692055	0.472870245	0.133629954	6.138214004	12.92290384	63.56038271	33.51715297	6.237006945	22.50483887	5.102255402	0.022041074	2.837113436	11.53494182	0.215361389	14.68945416	2.974149832
DB_MAG_00126	2.44465008	2.023057202	0.941632626	7.521786222	6.496757918	0.20426217	1.043809828	4.957304423	1.938526433	0.436557059	0.653021218	3.725899994	0.886180573	1.856166062	2.170150057	3.039696267	8.973499574	8.263188521	0.112273241	5.233112684	0.025191341	0.494632291	0	0.170170125	3.367528276	0	0.327624722	0.006984823	0.084936251	0	0.355044232	0.069530846	1.69884235	1.200285987	0.08801771	0.011287886	0.408133812	0.029608912	0.896272519	0.033230037	0.602280693	1.433639696	0.437703385	0.695557803	0.454641454	0.090619532	8.532024019	12.91788115	4.398101537	0.868678929	7.802627129
DB_MAG_00127	0.004925272	0.001977066	1.166676169	7.784701043	0.097359731	0	0.075360108	0.006463575	0.050036244	0.005896998	0.143148413	3.048720935	0.039562547	0.003168667	0.002228456	0	0.011715168	0	0.050035404	0.001286153	0	0.075559258	0	0.058375701	0.005797101	0	0	0	0	0	0	0	0	0	0.004902085	0	0.071999533	0.00937541	1.318882362	0.08072979	17.14772385	1.491849858	0.209251711	1.953265754	0	0	0.382686655	22.82825542	0.083369128	0.084936506	4.408623611
DB_MAG_00128	1.27099722	1.598581767	0.947328761	0.91141753	0.577289918	0.970641353	0.860858674	1.170246973	0.679725239	0.891497612	0.704088473	1.014322003	0.562723711	0.57530906	0.291791657	0.00824467	0.015394958	0.218650242	0.046168598	0.403350848	0.347490533	0.032773281	0	0.010086358	0.002213059	0	0	0	0.01294678	0.00230491	0.172315246	0.079525464	0.154252007	0.3590171	0.036494871	0.397936282	0.070834488	0.013118396	0.102862578	0.177098798	0.51521769	0.796449524	0.847225677	0.317016428	0.41020525	0	0.738879125	1.3750753	0.909113441	0.350023211	0.163709743
DB_MAG_00129	29.12722191	9.566317602	13.02890799	5.927849145	36.02344072	63.82459282	41.61920683	19.98236466	15.52656684	20.91559436	10.57537742	34.62250201	22.44303017	22.89020632	2.749724875	0	0.058587363	0	0.019440055	0	0	0.006344112	0	0.018005885	0.006592759	0	0.00652213	0	0.023119105	0.048914797	26.05163576	16.689996	1.684918281	0.441589332	5.264851438	3.673560013	0.033012085	0.001875101	0.000918748	13.54293458	9.916985436	11.69693211	25.74634283	0.075831758	77.18644401	0.011818901	0	0	0	0	0
DB_MAG_00130	0.150225626	0.558294361	32.93446156	14.10521568	5.816292587	3.243557405	19.1072955	1.691705595	0.73706644	4.550477806	20.86218164	20.7671508	0.136826055	0.004826291	0.180777125	0	0.003085714	0	0.018388865	0.000900169	0	0.021565129	0	0.010698953	0.00152306	0	0.000202999	0	0.009131594	0.007056973	0	0.015347518	1.427818123	39.9730033	12.19085853	14.74064727	0.013280283	0.000115274	0	0	0	0	0	0	83.9983223	0.058641867	0	0.018417873	0.007040936	0	0
DB_MAG_00131	8.679228963	3.693660557	8.986881389	4.387546208	3.354980152	13.91701702	9.611669282	0.403446269	10.60501674	20.98036865	2.895855269	2.230495393	4.779025474	6.221993538	10.59885705	0.034657503	2.010080002	19.08655337	1.021363408	7.88E-05	2.024983226	0.961695476	0	0.007894737	0.025289593	0	0.189728353	0.004137471	0.00110765	0.000691941	0.020070303	0.044078814	0.038073925	0.00634821	0.008038615	0.625209018	0.668486584	7.33E-05	0.351924908	0.725936737	1.697504535	0.306752932	1.052493996	22.79072869	2.168456381	0	9.582356329	0.111849594	2.411586762	1.695671387	0.069069753
DB_MAG_00132	10.27444954	7.360266166	3.825811505	24.28931247	7.263028648	1.032744907	3.54036051	13.03768756	7.62408284	4.243660265	8.182762548	48.56550784	6.087706695	8.045303056	6.305290318	0.476218719	91.52103294	18.23320764	3.270016788	20.12781395	5.060502172	7.611429766	0.005631346	0.7338248	0.452584968	0.001911953	0.081241007	0.005808724	4.078760818	0.030282865	1.609753895	1.125148156	5.189433063	3.497455998	0.152057441	0.032495147	4.543751319	0.280662285	3.320771474	0.084353725	2.897813096	0.72972095	0.990050682	2.315184004	0.199321041	0.01749061	9.003373082	51.51840736	81.67997601	2.27926329	60.08705799
DB_MAG_00133	50.13389957	22.50471482	53.81262313	51.32383237	49.23475276	11.22905699	11.78460652	30.25074277	29.19148898	9.47398642	25.42893326	59.80471376	24.67796799	43.46106056	22.95499975	0.027913983	0.453534879	4.103903546	60.63549103	0.913295576	2.267649856	11.06077322	0	0.451420728	0.032202875	0	0.038174392	0	0.173706411	0.869019569	46.01468849	133.367864	60.21171835	60.24945318	34.6419098	112.7057369	0.51990028	0.315021896	245.1434657	79.5010587	370.9372316	194.9152507	20.40256764	7.69332688	2.879956246	0.011066688	35.42554972	73.34453201	3.020102834	44.12997828	8.966129469
DB_MAG_00134	0.352125774	0.581019034	0.077606205	0.033893752	0.306277091	0.227210627	0.396050495	0.756035112	0.282480594	0.635702594	0.25330132	2.416860748	0.592874915	0.017382424	0.046962993	0.022013751	0	0.304575105	0.052216556	0.055972317	0.005848768	0.208017892	0	0.001512573	0	0	0	0	0	0.004557852	0	0	0	0.017327757	0	0	0.020307905	0	0.690770266	0.202318524	1.002438655	1.098310325	2.072934627	1.127749151	1.255671221	0	0.004178461	0.067913356	1.402769858	0.00488631	0.008713914
DB_MAG_00135	0.480550467	1.713269012	0.241876303	0.607291471	1.374693821	1.053995043	4.958168477	0.206912567	0.342220795	11.31566529	0.213521715	16.26843559	3.165501876	2.709135306	4.659233125	15.52173346	2.164158358	7.217012527	3.824666636	0.514449187	9.891621452	21.05656248	0	0.061369619	5.224754521	0.40354005	13.78984894	5.472163441	0.998059421	0.036067553	0.646204724	1.647666794	18.91113957	0.137915265	5.16660013	0.778769403	13.377589	0.160347334	4.402388262	10.37673099	8.927500128	4.562628073	1.504695858	9.116489084	2.116096191	0	7.098061696	9.874016919	12.82969689	10.97047821	34.16541554
DB_MAG_00136	0	0	0	0	0	0	7.265381744	23.60914389	24.49021724	11.14130102	4.002362869	12.26292134	30.58949189	0.003989938	0.019819224	0	0	0	0.01061307	0	0	0	0	0.001110051	0	0	0	0	0.006862791	0	0.030014031	0.06676818	0.005620274	0.046734627	0.005356059	0.011579495	0	0.00420341	0	0.048474732	0.258145167	0	0.001691387	0	0	0	0.661049879	2.187949745	0.019590307	0	0
DB_MAG_00137	2.836089443	2.000666016	2.895459092	1.750598688	3.5501596	2.320426912	4.392642778	4.335477909	4.252669794	5.840209229	1.046041887	2.709151147	0.759575558	2.014907367	0.495719456	26.82904946	8.294600163	6.991674312	234.817829	6.821376041	31.76031178	45.85367497	0	0.034414597	9.208653059	6.446345489	97.49247657	16.73010334	0.089806804	0.008888869	0.353337098	1.738260446	0.576828087	0.231753	0.088531907	0.0882255	3.350141362	0.260418066	14.39392389	0.706320378	8.015021498	4.545649069	1.184135954	0.963103412	0.987286159	0.551949878	13.75829604	7.211253671	24.69040036	13.72141943	29.15722202
DB_MAG_00138	1.077782676	0.657382237	0.589804781	0.193897423	0.54750619	0.275995255	0.554024593	0.442629058	0.320871746	1.051131362	0.177253991	0.349604041	0.563018084	0.520693131	0.274784704	5.24709623	4.445492561	1.801312927	15.28495855	0.958606178	0.204621731	0.775729331	0	0.005663766	7.243730079	0.03965339	3.704827247	0	0.046594314	0.00139169	0.31560512	0.233925348	0.246502813	0.34191406	0.199661318	0.608405285	0.036162953	0.021543621	3.794268712	0.795088959	1.490233051	0.384308613	1.668328476	1.829618886	1.119153483	0.002163191	1.032028155	0.607355448	1.396875978	0.706207079	1.032877399
DB_MAG_00139	8.083643204	13.29267913	23.49699723	17.14864224	15.65069205	4.014606566	18.14012459	30.22602888	7.914771323	21.60800169	12.78994172	14.89345708	1.641823412	21.55426937	14.61718582	0	0.148903719	0	0.09401447	0	0	0.045406275	0	0.073997287	0.004095797	0	0.011466856	0	0.049058858	0.038555529	0.324780946	38.66244534	15.47283852	4.344180938	2.418849844	29.51607075	0.354029196	0.161474649	11.09081385	11.32396217	7.391735614	2.837391057	15.68122814	1042.115636	4.3287737	0.005339654	92.64809094	40.95885251	5.225419275	50.46819668	52.07684471
DB_MAG_00140	0	0	0.004124786	0	0	0	0	0	0	0	0	0	0	0	13.35659101	0	0	0	0	0	0	0	0	3.53E-05	0	0	0	0	0	0	0.005509642	0	0	0	0	0	0	0	0	0	0	0	0	0	0	0	0	0	0	0	0
DB_MAG_00141	16.46490154	0.042086554	0	0	0	0	0	0	0	0	0	0	0.370988545	0	0	0	0	0	0	0	0	0	0	0	0	0	0	0	0	0	0	0	0	0	0	0	0	0	0	0	0	0	0	0	0	0	0	1.249725898	0.040104399	0	0
DB_MAG_00142	0.029324154	0.082504658	0.021859933	0.066605833	0.083802533	0.106260862	0.078956752	0.101369363	0.038979716	0.227227478	0.133338825	1.114817866	7.907683924	9.059015608	5.311755681	46.29511382	1.551535026	0.014946976	0.068380887	0.011532993	0.065554814	0.253170766	0	0.130354953	0.029487588	0	0.106505892	0.025113791	0.746764569	0.001932955	0.239970029	0.051329188	0.915318398	1.338154195	9.856415525	0.03262024	1.676217757	0.018455846	1.745640143	12.58727682	4.037530607	2.272934258	11.15453122	0.168993738	32.60315548	0.007149049	0.077054338	0.147775126	3.335706893	0.56922733	11.49205875
DB_MAG_00143	7.498589953	2.709563769	3.080452427	1.363799109	2.502484867	0.526112705	3.944418889	7.436963698	8.925846009	1.952781761	0.845825757	9.511312892	6.488110883	0.420628211	0.550014189	0.125988442	1.14249004	0.538080795	0.282275258	0.430692709	0.322692972	1.289917917	0	0.1007582	0.612766631	0.061784216	0.807685779	0.058278237	0.010992857	0.009347434	1.13308758	1.169073646	0.37772122	0.245493337	0.38241694	0.18090952	0.134539826	0.031164839	143.2252215	0.393754507	0.54733617	0.726229764	0.109804566	0.806787701	0.102437914	0	2.454420699	0.521699025	1.17809092	0.860379681	0.982519264
DB_MAG_00144	0.569352341	2.126588933	1.210781409	0.568122922	0.164602475	0.022604973	0.659985793	0.858044945	0.59611135	0.448122355	0.637340789	0.180649751	0.89997601	0.484903559	0.210773714	0.809365485	0.760816552	1.433645291	4.214512668	1.550114193	0.940240485	1.02132508	0	0.017955946	9.211589702	0.108865497	0.967933328	4.039713664	0.075631608	0.002919321	0.957877754	2.863918975	0.801669415	1.043560325	0.52674793	0.531104292	0.425757655	0.010982006	3.440437882	0.467401241	0.935943212	2.612184146	0.033632888	0.214130362	0.09331229	0	0.79093823	3.064273695	2.950921756	1.285357665	3.826399269
DB_MAG_00145	8.864398263	8.859704406	6.948758537	11.510565	6.261193289	12.66542855	15.56460373	19.33479924	6.919955756	11.9877312	10.42627245	26.349342	8.770450986	5.831230872	9.03982621	2.267724117	114.889577	5.442012261	4.685304239	5.746464871	4.060436376	4.016550806	0.022203326	0.093646007	1.146735905	0	0.684587467	0	0.20024187	0.029491412	2.679043777	1.328173778	6.876854387	6.134879592	1.266329343	2.822015517	1.365842763	0.194288628	6.127410434	3.432798996	6.146223917	5.733379681	4.919535653	17.56081683	26.96194857	0.020199091	11.87513428	34.43006901	20.35752628	19.90856736	18.19722489
DB_MAG_00146	0.884021356	1.277769606	3.771501193	6.669949535	5.413198377	1.103030083	2.54992467	3.64672105	2.663496555	1.674717392	4.421818241	7.224207394	2.183719288	1.154716389	1.154076176	0	0.122527232	45.23983725	475.5680956	6.925393241	5.108169768	38.33317993	0	0.159891705	0.549273779	0.485405795	1.217088357	0.004755894	1.501613173	0.027790102	2.062653965	1.944091124	1.726143298	2.340955869	4.669412967	3.865655848	0.04964959	0.06020256	1.765684927	4.585619433	2.3088112	4.58246617	2.081051531	10.78147398	0.227386514	0	10.02595417	3.995518672	1.641004916	9.323445313	37.62188044
DB_MAG_00147	50.72253682	41.30285282	48.96116552	28.3731435	30.49168799	9.567423924	42.410489	66.08332656	34.5254512	22.3676226	37.00693087	80.43335987	13.29657215	1.858153687	5.627191247	27.6079806	6.008211814	12.90460886	6.49239367	8.116370159	0.639628677	15.11936932	0	1.310491308	1.311596197	6.469193166	3.061190407	0.499192864	1.559844798	0.212624272	29.73032362	5.313333569	7.691024463	0.173494465	1.769803569	1.217358652	12.90802197	2.32328557	56.69353276	5.016931166	3.976070457	6.106668384	2.445132429	3.052020059	7.737303395	0.009107851	72.22961001	78.56471082	169.9574022	55.44738382	80.87875476
DB_MAG_00148	27.97719621	14.7734299	10.4320918	6.642512244	13.76728126	16.06943017	12.05863512	6.555488888	9.634654839	18.40439313	3.881575152	3.632413797	10.57109751	14.94357011	12.57191812	0.203265628	0.263634015	20.53683614	9.675374853	14.01782336	9.220086789	36.00105899	0.014128534	0.141900252	23.35846657	12.12472352	90.5974761	54.46262599	0.44857326	0.10428935	13.69899657	4.31619501	5.335160359	6.714373057	3.049851361	1.281432101	1.683419491	0.159124454	16.50554023	13.93363297	8.178002282	13.29970318	100.4675894	93.08305037	39.32120223	0.018735155	9.899374114	10.3328616	14.46515312	6.126126012	7.26708699
DB_MAG_00149	0	0	0	0	0	0	0	0	0	0	0	0	27.93005043	8.572071	0.407908216	0.26721811	1.338051312	0	0.006613146	0.005461466	0.348719991	1.149214321	0	0	0.00336612	0	0.000988257	0.337508388	0.033518895	0.034767929	9.835977271	0.023161312	0.006564041	0.001059077	0.013223533	0	53.91713261	0.012272808	2.149860464	17.30223653	3.093218539	10.21502958	96.30263372	23.12380392	8.566506754	4.078683754	0.001305059	0	0.001593807	0	0
DB_MAG_00150	4.759691934	3.566777788	1.689194735	1.538831951	2.166247271	1.492825702	2.941126657	1.424304764	2.354412088	1.399577236	0.537757214	0.725473701	1.162566492	0.859185932	0.118700457	0.062894884	0.10457655	12.57198654	11.23647095	7.837796423	2.921888029	2.379076035	0	0.131657317	0.241727446	0.004689755	0.004216898	0	1.412714674	0.008647893	4.550447365	1.21421218	1.354929197	1.527571878	0.541782272	2.245016571	0.037621212	0.0180244	2.349545451	0.354465263	1.313328193	1.543791668	0.213231571	0.136766948	0.148522993	0	0.540982297	1.350410892	1.133857973	2.1963209	1.15963231
DB_MAG_00151	1.536764268	1.474004095	3.41537336	7.347795563	2.259109923	0.777962343	2.395145862	2.623065899	2.331650264	0.919215899	12.17882538	17.88355426	5.379788863	2.635891327	3.327543095	0	0.153579349	15.9845984	17.49395342	10.87057144	3.623282724	68.04145416	0.017224506	0.036318784	253.6978289	189.6407631	28.29870701	0.003281618	0.052926485	0.287258628	8.733253754	30.01207726	21.74950354	10.85402924	26.13723364	23.57381642	0.29337399	0.057984289	20.05131318	15.14180155	8.557497556	6.742046101	16.71877339	6.823321479	2.277695952	0	4.598362722	53.5510419	4.35585605	3.174284994	44.7531471
DB_MAG_00152	1.120254331	2.553458	0.954893221	0.888748401	2.512281071	0.233903315	0.230954079	0.788686864	1.65180146	1.395377208	1.666319561	4.795644578	4.867107166	2.177033284	0.785122667	0.080700672	0.014840584	0.594006461	7.936092928	0.845851478	0.077140803	0.133086976	0	0.007700176	0	0	0.018213207	0	0.066165012	0.045785635	3.503483705	1.771815217	0.93555067	1.628576397	0.857693813	1.175370961	0.019134381	0.000475543	27.721368	1.014263441	4.206149673	2.916292685	0.284791413	0.099371708	0.103526358	0	0.674096578	1.147288114	0.168109469	1.030652106	1.118540482
DB_MAG_00153	4.32651383	7.451819914	4.915865251	0.976669423	14.6717441	10.15100097	6.250184843	10.98464801	8.974306322	6.445319913	0.877373953	6.266124112	8.00795965	4.054872514	4.987558004	0.010955711	0.290185567	5.754481128	27.80445109	12.84095075	3.618687834	2.342811309	0	0.084084877	0.34900126	0.607760874	0.016841257	0	0.692077387	0.024002797	2.039532984	3.447154838	3.567937661	2.286390045	4.817382691	1.609097613	1.166801849	0.069462181	15.55771661	12.93589631	20.95818547	19.88177554	29.76449801	12.72507603	38.32830647	0.007101151	8.92565039	0.088171674	17.50101975	6.417315173	6.651179751
DB_MAG_00154	0	0	0.006240052	0	0.005181549	0	0	0	0.011374579	0.008746299	0	0	0.018014503	133.0370646	20.81728202	0	0.298637684	0.000592349	0.027619316	0.008067835	0	0.001990838	0	0.009794313	0.008136168	0	0.004549214	0	0.000688549	0.17422874	0	84.35247702	115.6658636	107.5881165	27.93443531	6.355399115	0.097688441	0.063192943	0.018820666	0.014071747	0	0.001551324	0.049440926	0.084165712	159.3471682	0.040013895	0.020431028	0.033280431	0	0	0
DB_MAG_00155	26.22474103	21.30610675	16.39672595	8.998762527	13.5113935	12.55954232	31.98570068	22.33311329	13.79180732	48.78365319	11.96958542	51.85341253	30.54273387	8.758526994	8.702932174	0.489696689	0.760242467	16.04973351	103.5428409	15.38045206	27.44862603	22.8668012	0	0.690995545	14.66169926	3.753216692	10.81228614	40.53662814	2.214743581	0.479324738	30.37527437	16.76745576	16.7409296	12.82308687	53.2314232	16.58767196	4.305303423	1.316795051	54.79521775	20.29839475	90.35797066	34.51590701	58.50080175	63.86818137	46.99740522	0.084738738	48.19002613	17.63585621	37.81569004	49.76109653	13.90452193
DB_MAG_00156	6.334467591	6.071457963	0.752050407	0.107032985	3.450940475	0.995755327	0.630332225	1.67323873	0.60817939	0.665490618	1.165209188	1.346518431	0.866257255	3.846841879	0.665701366	0.005800644	0.033770661	0.660612488	1.126088604	11.88053205	0.18331854	0.079592877	0	0.007047569	0.078157225	0.023079054	0	0	0.02481965	0.020665157	2.963215274	0.639585506	1.352815482	1.556926315	1.07994605	0.559371263	0.072361871	0.010486448	0.878246643	0.476120019	0.626156825	0.623684016	1.140259791	0.535223486	1.321070506	0	3.100919919	0.282709719	0.987350682	1.25425656	0.677686821
DB_MAG_00157	2.087147725	1.131702276	1.170985193	1.018510193	0.355483925	0.550944876	0.973992368	4.000840578	1.089049902	2.26934722	2.780525259	0.420658557	8.655081764	1.311399312	1.800774608	0	0	0	0	0.004487179	0	0	0	0.009300874	0.000405743	0	0	0	0.011655012	0.019252302	0.071531498	0.500918046	0.615240495	2.430325319	1.469105051	0.726905662	1.188290094	0.027111047	20.99364264	1.333514119	0.436828612	0.051631267	1.075826351	0.518038951	0.354022507	0.003927203	8.654456595	7.157928861	106.2616795	5.878571156	7.139196749
DB_MAG_00158	1.917421334	1.221381738	0.938279817	0.648696745	0.977439111	1.752065407	1.108875861	0.772095877	0.721936751	2.752454494	0.243310144	0.143423893	1.034050165	0.769302133	0.439787645	3.23896321	7.624264878	0.93978004	1.373515759	0.589513642	0.954625534	1.080821716	0	0.012873216	1.556999469	0.037181653	2.6187748	0	0.017429949	0	0.240151107	0.148822802	0.210690054	0.586773648	0.050233602	0.028180888	0.3158321	0.023165924	1.669746108	0.287062601	0.598696255	0.758950162	3.292712552	3.19445836	1.511550783	0	1.526375338	0.757070808	3.696995365	1.425215669	0.579295744
DB_MAG_00159	1.213932031	2.472011112	5.13517165	10.73035517	1.442647571	2.439609832	3.235968113	5.467007976	7.283168905	7.533545989	1.419383548	3.144069895	19.2898494	19.54119389	8.627223237	0	0.009777854	0	0.002521842	0	0	0.014350519	0	0.005196085	0	0	0.000321843	0	0.004546072	0.009826365	4.729631413	2.906666805	5.17143812	10.95359037	12.18058747	1.665593575	0.144798267	0.042182716	21.57811541	15.0056232	17.74241775	12.19839517	5.180019661	41.59444446	15.63701322	0.0059692	1.47163426	29.28757476	14.0112779	20.4438301	0.885757034
DB_MAG_00160	3.956469234	3.040766103	3.17407106	1.956679867	1.77208807	2.950139102	3.179433713	2.368604699	2.342317097	4.76494983	1.703325611	0.493360125	2.904824147	1.459565668	1.208023515	0	0.058738105	0.242614622	0.204132255	0.624716429	0.442505169	0.548977224	0	0.003357504	0.68573142	0.049930436	0.425395317	0.016197876	0.014155308	0.018092601	2.292501726	0.885664373	0.795237122	1.302444949	1.601272148	0.131052161	0.416853165	0.045330425	4.662724233	3.509136708	3.258540246	3.177504845	11.85091595	9.388990734	7.37510779	0	3.610812057	0.982774437	4.418479039	3.43240267	0.900471737
DB_MAG_00161	6.939853581	4.967935059	3.599277801	1.826994445	4.50213609	7.324682209	5.671573361	5.517443731	3.036096286	7.323154326	3.726508645	1.526459454	3.965189024	2.488984666	1.943460054	6.149662541	17.74202135	5.402798017	10.19809611	4.191993688	11.18012539	9.109614661	0	0.021658598	31.65887921	0.684104835	24.25741358	7.251002693	0.110843678	0.031235915	3.032696503	3.249667741	2.947983696	2.493577132	2.316970356	0.689082315	1.214677242	0.102884668	4.196434866	4.839863766	5.45510043	8.992209376	20.33200548	18.29625663	10.21079461	0.063624049	1.715917223	2.388791592	8.859216583	7.590709127	4.075196211
DB_MAG_00162	29.00561192	26.21581073	22.21419022	13.66240463	17.59516993	23.49987978	22.53233838	29.02699312	16.65340104	30.44024242	17.6605308	3.633856471	25.51916664	14.59480211	13.28393565	24.24400156	50.73680205	30.45053552	9.315756624	5.727987474	23.632703	6.620791766	0.00092949	0.258589652	81.46974272	2.758566104	16.3184077	1.937916841	0.483757198	0.494745889	17.56935936	8.698092224	11.59316527	29.07777879	32.40740978	7.89118279	49.73102817	0.856466625	94.18833056	79.88209693	48.16847947	35.72142662	157.2363831	157.1831837	153.2779444	0.056045371	131.4164388	11.75863854	46.12971927	22.67683262	8.873212272
DB_MAG_00163	0.301776108	0.058634717	0.234353148	0.1281055	0.004876768	0.10642599	3.372998603	9.347609477	11.63056102	41.49255776	0.115193346	0.115584932	0.15696637	0.208669379	0.260751452	0	0	0	0	0	0	0	0	0	0.001807564	0	0	0	0.011083031	0	0.019746537	0.097818534	0.183879686	0.06003522	0.121442758	0.099606621	0.015383426	0.001589168	0.661306706	0.050902419	0.050592148	0	0.101138901	0.264435611	0.026513834	0	39.88206734	3.642476209	0.88476289	0.091776771	0.219678682
DB_MAG_00164	1.974211271	1.009822481	1.110723229	1.488364516	1.835593929	0.321008898	1.015580543	1.529387955	1.287758733	1.547583175	1.54279263	3.498699174	1.432518813	1.198230511	1.698865581	0.198280484	0.026816789	0.046845226	0.206150801	0.176427875	0.057054295	0.138320058	0	0.022520614	8.266859942	0.021107816	0.020808544	0.589327947	0.014282986	0.033305377	1.779496525	2.690801699	3.261724156	2.805030363	2.423905923	0.879497396	0.019750971	0.033966153	3.150243971	0.244414622	0.477334306	0.360128264	0.070165261	1.259500926	0.143609565	0	4.011308531	5.877323002	0.146032042	2.234831143	1.515200157
DB_MAG_00165	0.0565137	4.556050714	1.902977544	2.090803516	0.026781536	0.241044632	3.277732118	0.782522588	0.025675657	0.993323262	0.014054684	0.076777739	0.613913742	0.197578704	0.086505773	0	0.001240065	0	0.003110963	0	0	0.001568785	0	0	0	0	0	0	0	0	0	0.282915161	0.708384321	0.124400179	0.295823552	0.103379266	0.010961798	0	3.26296755	0.577659921	0.369099523	0.003672016	0.739583275	0.082837175	0.220623073	0	0.107634037	0.048222105	1.137635849	0.143806717	0.09751088
DB_MAG_00166	0	0.000759282	0.005293429	0.003519356	0	0	0	0	0	0	0	0	0	10.0024909	20.20159581	0	0.081441747	0	0.009437717	0.004598348	0	0.00944765	0	0.013192022	0	0	0.006178745	0	0.015346287	0.127511137	34.30937301	89.62650602	14.43839921	38.50754686	13.93771622	3.453338572	0.022998408	0.011191875	0.019998236	0	0	0.004048993	0.009886837	0.005138935	0	0.014652082	0.009076674	0.010158596	0	0	0
DB_MAG_00167	1.472558193	1.078098319	0.421462906	0.153516588	0.526448321	0.989045229	0.704331419	0.801658799	0.240985357	0.619206591	0.135587429	0.127869941	0.311844028	0.125212325	0.156217521	0.108738173	0.061488745	0.064465199	0.270473637	0.065468546	0.093448188	0.087137859	0	0	0.100533876	0	0.012449097	0.007776245	0.026945399	0	0.348510146	0.157306715	0.136864457	0.239911466	0.066925978	0.08522633	0.039328178	0.000225897	0.854463699	0.239839103	0.271727807	0.257479946	0.662234254	0.381620345	0.222397724	0	0.173494944	0.033976001	0.2268847	0.197523674	0.188971617
DB_MAG_00168	0.492478656	0.345611447	0.407316647	0.457100717	1.190980877	0.262181731	0.583942608	0.665020459	0.414049976	0.341898687	0.318594153	3.140346543	1.042908457	3.830800231	2.814563355	0	0.063598026	0.007862066	0.038597293	0.0105037	0	0.019737433	0	0.004166259	0	0	0	0	0.0128088	0.113606969	9.875765272	8.836615442	15.32194446	6.502097428	5.514744631	1.05812959	0.032442895	0.012038956	0.764837714	1.087288322	3.852827698	3.291550446	1.958096923	0.310147212	0.019572157	0	0.111884883	0.640018102	0	0.141378704	0.028285584
DB_MAG_00169	0.929491115	3.496110875	0.440468041	0.12192063	1.07509593	1.760991564	0.50883309	0.215306228	0.706474991	11.53392338	0.209300198	4.642726395	0.896842258	0.845178335	2.0539446	1.820324225	6.429962461	3.120633503	3.10921726	1.433248923	3.586887597	3.113543805	2.583937411	16.13955286	3.542476591	0.515424316	4.020695542	2.120389517	2.655191905	2.387383474	0.008223314	0.078768907	0.005145103	0.15691573	1.499140152	0.694049219	44.16340256	1.251166826	0.389391708	1.990712174	2.801699499	2.487730375	24.08636514	16.11566694	1.865550538	7.258593566	3.680445068	0.837058397	4.213317378	0.142610267	0.432293101
DB_MAG_00170	3.42256979	1.489945619	0.5705462	0.532261754	5.698404178	2.503784782	0.777136778	0.865143324	0.595666635	0.706459827	0.834474153	9.325922197	2.053786735	10.60577869	1.951653904	0.057320157	0.067957217	1.816392292	1.24433646	0.656196357	0.093868117	0.325386646	0	0.067855835	0.040704881	0	0.020783224	0	0.063985697	0.235375255	13.06059143	19.91617324	28.86647746	11.0899582	8.772732489	1.566207435	0.065204232	0.051406388	1.255929903	0.721123845	9.747835471	8.711985558	1.914287513	0.054831903	0.156939214	0	0.2704655	6.660351348	0.066552455	4.102348781	6.915180989
DB_MAG_00171	0.291343671	0.184047221	0.211760501	0.401325394	0.033754916	0.003283279	0.024301656	2.180743146	1.316191185	0.29563888	0.453601658	0.246954027	0.47028859	0.346481072	0.41141193	8.529737713	0.126486188	0.022784037	1.858877562	10.89576908	0.009354338	0.017665448	0	0.049190467	0.134780867	0.709076136	9.490897384	0	0.198971929	0.005957889	0.419490291	7.580677984	1.152142349	6.88541616	5.471697593	1.027430711	0.012570001	0.00272991	7.293083082	0.701563393	2.306186163	0.850039162	0.004433559	0.012339482	0.010556201	0.006327079	0.529974669	7.150056209	0.106829083	0.871718889	4.61527408
DB_MAG_00172	0.118876263	0.792515696	0.615310735	0.56671296	0.664007454	0.006366804	0.547543248	1.548281398	0.507795613	0.377465383	0.908634598	1.351875209	0.697487455	0.731358327	0.151105879	0	0.012756361	8.888956836	2.282025681	2.235726016	0.222996392	0.191360469	0	0.017261555	0.050578272	0	0.024476069	0.040902014	0.190223107	0.005860806	0.220540576	0.552816357	0.850361788	1.435380376	1.725968838	0.623477517	0.050803644	0.01104301	5.12824164	0.487371588	0.356109625	0.590905666	0.03277657	0.026570682	0.011832191	0	1.714109323	0.766524706	1.004128939	1.330263844	1.613665616
DB_MAG_00173	0.906484998	1.234826442	0.57951122	0.335955052	1.229760643	2.300645784	1.067325686	1.425022838	1.611848802	2.780078068	1.440092632	0.929245833	1.789492173	0.215857081	0.574589218	0.009161638	0.05790176	0.441651637	0.28337996	0.381355367	0.196255859	1.381131511	0	0.019755464	5.372468359	0	0.010598423	0.006663956	0.075077795	0.055284672	2.286468592	0.735095963	0.903322415	2.410626061	1.370981414	0.73271638	0.197068705	0.015112108	2.092951301	0.894654523	0.631487291	1.745687151	4.981893624	5.787199155	10.16010256	0	0.083082458	1.692626969	2.730871569	1.154055198	0.667325694
DB_MAG_00174	10.97647445	2.354417601	5.756829161	16.80413836	15.66018823	3.404334903	6.849367618	8.874294204	9.601517952	3.311870156	13.40219954	26.31047381	10.55783683	3.75140384	2.306268994	0	1.317932006	22.32700596	33.3391173	30.18580522	0.929926872	29.44474847	0.204885139	1.782177055	986.9021759	84.20267121	55.49882888	216.0676179	4.381908539	0.214400058	11.12726407	15.94439151	8.18043933	27.73919962	36.58288603	34.15011822	0.702172026	0.362357573	18.08179975	20.01319481	40.7624791	27.25977108	9.262560883	12.25198223	1.028194321	0	27.6904107	45.09761452	25.99630277	4.691711509	72.5910954
DB_MAG_00175	51.7047179	20.10712054	19.94012596	13.66360296	3.837954751	5.752820225	13.3208356	6.963495527	11.29975925	14.78722442	4.432711509	1.737866221	16.61055655	1.604836805	1.917235244	0	0.050556481	0	0.01371954	0.000371195	0	0.041830962	0	0.028631354	0	0	0.014221889	0	0.010023668	0.039258855	7.74919904	0.970144266	0.76772461	9.721313778	11.78816112	0.113407588	0.48042435	0.093235473	44.16592266	1.366235132	2.107147599	0.342883535	17.17461436	59.83092369	8.603010034	0.032457017	22.38451031	3.076125931	18.67871043	12.84955797	17.99099297
DB_MAG_00176	15.72502827	24.11142479	15.5461972	8.057468874	17.94222159	25.76918737	24.79420147	11.37766598	14.51968259	55.95206902	4.864993659	3.501408418	15.40943932	7.160259443	4.521055717	0.031167159	0.389040035	21.27458985	45.87373986	13.45756542	72.13696403	27.26096133	0.014241211	0.047340393	38.03670429	5.164380187	27.14520901	18.90627125	0.102315096	0.322694688	10.89913258	12.31355374	7.123672495	12.2445205	9.659605333	1.619490277	9.582525591	1.781575458	53.62866659	21.24692691	35.02478697	34.61014319	98.89401212	113.0797857	59.02074205	2.00581436	24.29705942	13.50738191	50.18160896	48.39479486	17.92667368
DB_MAG_00177	12.00450739	33.33213729	0.246887472	0.055015714	0.815761644	0.346241227	0.30884555	0.16266663	19.85541453	5.281471479	3.343788882	1.757790522	3.460070542	0.165900111	0.132391177	0	0.055358036	0.051241416	0.236707193	0	0.969392553	0.001055195	0.014179687	0.01638121	0.032446912	0	0.001205937	0	0.015000431	0	0	0	0.150605346	5.046711909	6.520372459	1.548574691	0	0.004510111	9.922392546	0.421427421	0.090739919	0.037677827	0.661141783	1.112320015	0.015302586	0.001325758	0.037996041	0.073185248	0.157931417	0.084692869	0.900366519
DB_MAG_00178	28.61689817	9.521246237	16.60184812	28.16172878	82.47685157	14.44251435	32.08839602	50.13872553	74.0042551	18.41206736	96.84493253	69.75873534	47.28160154	56.54905436	38.47191405	0.000543516	1.3134256	115.3347186	242.8620388	281.3440828	48.98330495	773.7735839	0.077535128	1.571738861	5.904403932	205.3604947	7.922497903	57.41725465	1.939353399	0.8633326	38.03175215	49.93467509	35.53241742	117.5325848	24.30782228	119.5460219	4.521299613	1.248631508	47.89401941	93.89160358	71.05105751	108.1520147	112.4571887	55.58635963	2.31700185	0	104.1931029	287.2055484	171.9063566	29.86870845	342.4276764
DB_MAG_00179	1.350148093	1.086038222	0.736134171	0.530162515	0.819955301	1.367639868	1.04116965	1.676484525	0.54889058	1.677497572	0.220734564	0.356222892	0.639128823	0.164928626	0.451031594	0.030195959	0.079487562	0.536791659	1.477858128	1.032077003	0.544955996	0.938009182	0	0.014474663	3.256177006	0.070742801	10.21118294	11.67463261	0.040884761	0.00270204	0.298258753	1.458135547	0.362750349	0.743728292	0.838005739	0.122288291	0.356755409	0.014652414	0.77566492	0.17506466	0.465435449	0.524335751	2.808758747	2.173289126	1.955413351	0.123058568	0.536099534	2.39063936	1.496617794	1.301306897	0.471737428
DB_MAG_00180	1.191828464	0.791950931	6.228123076	8.444941081	5.892763285	1.515062726	6.404846343	2.11483966	11.32102826	0.162363174	1.005368874	3.496236994	0.721750516	0.326845272	0.418426329	0	0.036201786	5.718295969	7.44994352	5.355667459	0.503374765	6.616651975	0	0.052014665	2.79459851	3.242477917	2.463728805	2.09839219	0.031382325	0	0.479986531	0.59464478	0.778112266	0.802412955	1.925374113	0.700374965	0.133896081	0.066523889	1.568830086	1.566414464	2.162654441	2.239060297	0.320558726	1.103003834	0.026612924	0	7.039149322	65.01904552	6.098577155	4.964345474	18.69215086
DB_MAG_00181	0.800346342	0.879247079	0.768969772	0.401526525	0.361752338	0.889678878	0.931407472	0.743171524	0.514277918	1.246382877	0.3225921	1.029458414	0.830895267	0.515884268	0.773616671	0.004133119	0.006007905	0.329940095	0.244014488	0.79534697	0.129091143	0.144876331	0	0.010871103	0.219440413	0	0.008038226	0	0.077044895	0.008269991	0.174880617	0.692458296	0.296403296	0.201129402	0.026815903	0.098274225	0.013457514	0	0.841373157	0.290074823	0.196242912	0.225740169	0.224227801	0.216617872	0.233493375	0	0.39371041	0.326313851	0.187987109	0.408894475	0.668876888
DB_MAG_00182	20.31599205	9.061313344	1.562271147	0.93555741	17.84956542	18.63495783	18.16459598	12.30102503	8.574937582	37.50491892	17.07383741	9.044849907	9.533656027	13.32092156	9.895953488	0	0.051292034	0	1.186606186	0	2.333899363	0	0	0.019508197	0.003118969	0	0	0	0.006640424	0.028333397	0	0.000397064	6.855638951	23.33682275	4.961508733	62.61649178	0.302513552	0.023558446	0.482013574	34.67214615	8.180676029	4.703864999	110.2919259	200.1639662	3.50585842	0.020454031	0.029795953	2.146476741	12.7924027	2.45045224	31.30297027
DB_MAG_00183	0.506852355	0.15120329	0.127925756	0.02047986	1.395670291	1.715611379	0.21406798	0.134531469	0.181584458	0.218584695	0.147761291	0.15087753	0.500761698	0.018798677	0	0.013164631	0.012412919	0	0	0	0	0	0	0	0.009854388	0	0	0	0	0	0	0	0.016046651	0.004523989	0.011032184	0.017854313	0.018191157	0.008451607	0.512178341	0.372906832	0.99250981	1.101326074	1.648842551	0.505358113	1.050345587	0	0.378132536	0.086613577	0.011034177	0.188892422	0