MAG	recipient	outcome	Recipient	transplant_sample	FMT Method	transplant_mean_cov_Q2Q3	AST_count_detec	AST_frac_detec	AUS_count_detec	AUS_frac_detec	BAN_count_detec	BAN_frac_detec	CAN_count_detec	CAN_frac_detec	CHI_count_detec	CHI_frac_detec	DEN_count_detec	DEN_frac_detec	ENG_count_detec	ENG_frac_detec	ETH_count_detec	ETH_frac_detec	FIJ_count_detec	FIJ_frac_detec	ISR_count_detec	ISR_frac_detec	ITA_count_detec	ITA_frac_detec	MAD_count_detec	MAD_frac_detec	MON_count_detec	MON_frac_detec	PER_count_detec	PER_frac_detec	SPA_count_detec	SPA_frac_detec	TAN_count_detec	TAN_frac_detec	USA_count_detec	USA_frac_detec
DB_MAG_00004	R02	no_colonization	R02	DB_D_11	colonoscopy	48.4953963701	19.0	0.12418300653594773	2.0	0.16666666666666666	0.0	0.0	5.0	0.21739130434782608	3.0	0.015957446808510637	31.0	0.10915492957746477	37.0	0.17535545023696686	0.0	0.0	0.0	0.0	15.0	0.045180722891566265	1.0	0.09090909090909093	0.0	0.0	0.0	0.0	0.0	0.0	13.0	0.08227848101265822	0.0	0.0	12.0	0.09836065573770493
DB_MAG_00005	R02	no_colonization	R02	DB_D_11	colonoscopy	2.41483984096	76.0	0.4967320261437909	8.0	0.6666666666666666	0.0	0.0	17.0	0.7391304347826086	73.0	0.3882978723404255	180.0	0.6338028169014085	138.0	0.6540284360189573	3.0	0.6	8.0	0.04651162790697674	229.0	0.6897590361445783	6.0	0.5454545454545454	22.0	0.19642857142857145	38.0	0.34545454545454546	6.0	0.16666666666666666	80.0	0.5063291139240507	1.0	0.037037037037037035	82.0	0.6721311475409836
DB_MAG_00010	R02	no_colonization	R02	DB_D_11	colonoscopy	44.928466566400004	39.0	0.2549019607843137	3.0	0.25	0.0	0.0	7.0	0.3043478260869565	13.0	0.06914893617021277	103.0	0.3626760563380282	95.0	0.4502369668246445	0.0	0.0	0.0	0.0	62.0	0.1867469879518072	2.0	0.18181818181818185	1.0	0.008928571428571428	2.0	0.01818181818181818	0.0	0.0	38.0	0.2405063291139241	0.0	0.0	10.0	0.08196721311475409
DB_MAG_00013	R02	no_colonization	R02	DB_D_11	colonoscopy	1.979015051	57.0	0.3725490196078432	0.0	0.0	0.0	0.0	4.0	0.17391304347826084	0.0	0.0	70.0	0.24647887323943665	52.0	0.2464454976303317	3.0	0.6	0.0	0.0	111.0	0.3343373493975904	0.0	0.0	48.0	0.42857142857142855	92.0	0.8363636363636363	5.0	0.1388888888888889	49.0	0.310126582278481	1.0	0.037037037037037035	6.0	0.049180327868852465
DB_MAG_00014	R02	no_colonization	R02	DB_D_11	colonoscopy	7.34283706659	48.0	0.3137254901960784	5.0	0.4166666666666667	0.0	0.0	9.0	0.39130434782608703	22.0	0.11702127659574467	131.0	0.4612676056338028	75.0	0.35545023696682465	0.0	0.0	1.0	0.005813953488372093	110.0	0.3313253012048193	1.0	0.09090909090909093	10.0	0.08928571428571429	32.0	0.2909090909090909	2.0	0.05555555555555555	24.0	0.1518987341772152	2.0	0.07407407407407407	29.0	0.2377049180327869
DB_MAG_00015	R02	no_colonization	R02	DB_D_11	colonoscopy	5.09308576122	31.0	0.20261437908496727	6.0	0.5	0.0	0.0	7.0	0.3043478260869565	2.0	0.010638297872340424	121.0	0.426056338028169	86.0	0.4075829383886256	5.0	1.0	0.0	0.0	81.0	0.24397590361445784	1.0	0.09090909090909093	4.0	0.03571428571428571	1.0	0.00909090909090909	0.0	0.0	34.0	0.21518987341772156	6.0	0.2222222222222222	23.0	0.1885245901639344
DB_MAG_00017	R01	no_colonization	R01	DB_D_08	colonoscopy	2.5949002007499997	7.0	0.0457516339869281	1.0	0.08333333333333333	0.0	0.0	4.0	0.17391304347826084	7.0	0.03723404255319149	68.0	0.23943661971830985	18.0	0.08530805687203792	2.0	0.4	4.0	0.02325581395348837	56.0	0.1686746987951807	0.0	0.0	17.0	0.15178571428571427	15.0	0.13636363636363635	4.0	0.1111111111111111	15.0	0.0949367088607595	0.0	0.0	3.0	0.024590163934426233
DB_MAG_00017	R02	no_colonization	R02	DB_D_11	colonoscopy	1.40617991578	7.0	0.0457516339869281	1.0	0.08333333333333333	0.0	0.0	4.0	0.17391304347826084	7.0	0.03723404255319149	68.0	0.23943661971830985	18.0	0.08530805687203792	2.0	0.4	4.0	0.02325581395348837	56.0	0.1686746987951807	0.0	0.0	17.0	0.15178571428571427	15.0	0.13636363636363635	4.0	0.1111111111111111	15.0	0.0949367088607595	0.0	0.0	3.0	0.024590163934426233
DB_MAG_00017	R03	no_colonization	R03	DB_D_14	pill	5.33003305238	7.0	0.0457516339869281	1.0	0.08333333333333333	0.0	0.0	4.0	0.17391304347826084	7.0	0.03723404255319149	68.0	0.23943661971830985	18.0	0.08530805687203792	2.0	0.4	4.0	0.02325581395348837	56.0	0.1686746987951807	0.0	0.0	17.0	0.15178571428571427	15.0	0.13636363636363635	4.0	0.1111111111111111	15.0	0.0949367088607595	0.0	0.0	3.0	0.024590163934426233
DB_MAG_00017	R04	no_colonization	R04	DB_D_13	pill	1.8865316633700002	7.0	0.0457516339869281	1.0	0.08333333333333333	0.0	0.0	4.0	0.17391304347826084	7.0	0.03723404255319149	68.0	0.23943661971830985	18.0	0.08530805687203792	2.0	0.4	4.0	0.02325581395348837	56.0	0.1686746987951807	0.0	0.0	17.0	0.15178571428571427	15.0	0.13636363636363635	4.0	0.1111111111111111	15.0	0.0949367088607595	0.0	0.0	3.0	0.024590163934426233
DB_MAG_00017	R05	no_colonization	R05	DB_D_07	pill	0.494226310773	7.0	0.0457516339869281	1.0	0.08333333333333333	0.0	0.0	4.0	0.17391304347826084	7.0	0.03723404255319149	68.0	0.23943661971830985	18.0	0.08530805687203792	2.0	0.4	4.0	0.02325581395348837	56.0	0.1686746987951807	0.0	0.0	17.0	0.15178571428571427	15.0	0.13636363636363635	4.0	0.1111111111111111	15.0	0.0949367088607595	0.0	0.0	3.0	0.024590163934426233
DB_MAG_00019	R02	no_colonization	R02	DB_D_11	colonoscopy	2.4484782309099997	88.0	0.5751633986928104	4.0	0.3333333333333333	0.0	0.0	20.0	0.8695652173913043	69.0	0.3670212765957447	192.0	0.676056338028169	129.0	0.6113744075829384	5.0	1.0	5.0	0.02906976744186046	224.0	0.6746987951807228	2.0	0.18181818181818185	11.0	0.09821428571428573	102.0	0.9272727272727272	15.0	0.4166666666666667	69.0	0.4367088607594937	5.0	0.1851851851851852	54.0	0.4426229508196721
DB_MAG_00020	R02	no_colonization	R02	DB_D_11	colonoscopy	6.4670938180699995	68.0	0.4444444444444444	7.0	0.5833333333333334	0.0	0.0	19.0	0.8260869565217391	61.0	0.32446808510638303	196.0	0.6901408450704225	171.0	0.8104265402843602	0.0	0.0	0.0	0.0	261.0	0.7861445783132529	3.0	0.2727272727272727	3.0	0.026785714285714284	40.0	0.3636363636363637	0.0	0.0	94.0	0.5949367088607594	0.0	0.0	60.0	0.4918032786885246
DB_MAG_00021	R01	no_colonization	R01	DB_D_08	colonoscopy	1.85433665523	12.0	0.0784313725490196	1.0	0.08333333333333333	0.0	0.0	0.0	0.0	16.0	0.0851063829787234	59.0	0.20774647887323944	8.0	0.03791469194312797	2.0	0.4	0.0	0.0	61.0	0.18373493975903613	0.0	0.0	5.0	0.04464285714285714	8.0	0.07272727272727272	1.0	0.027777777777777776	14.0	0.08860759493670886	0.0	0.0	7.0	0.05737704918032788
DB_MAG_00021	R02	no_colonization	R02	DB_D_11	colonoscopy	1.66418151026	12.0	0.0784313725490196	1.0	0.08333333333333333	0.0	0.0	0.0	0.0	16.0	0.0851063829787234	59.0	0.20774647887323944	8.0	0.03791469194312797	2.0	0.4	0.0	0.0	61.0	0.18373493975903613	0.0	0.0	5.0	0.04464285714285714	8.0	0.07272727272727272	1.0	0.027777777777777776	14.0	0.08860759493670886	0.0	0.0	7.0	0.05737704918032788
DB_MAG_00024	R02	no_colonization	R02	DB_D_11	colonoscopy	2.83377183542	73.0	0.477124183006536	1.0	0.08333333333333333	0.0	0.0	12.0	0.5217391304347826	18.0	0.09574468085106384	107.0	0.3767605633802817	115.0	0.5450236966824644	0.0	0.0	1.0	0.005813953488372093	109.0	0.32831325301204817	3.0	0.2727272727272727	2.0	0.017857142857142856	16.0	0.14545454545454545	3.0	0.08333333333333333	41.0	0.25949367088607594	0.0	0.0	45.0	0.3688524590163935
DB_MAG_00026	R02	no_colonization	R02	DB_D_11	colonoscopy	1.8130536557199999	12.0	0.0784313725490196	3.0	0.25	0.0	0.0	5.0	0.21739130434782608	9.0	0.04787234042553192	71.0	0.25	32.0	0.15165876777251186	0.0	0.0	0.0	0.0	49.0	0.14759036144578316	1.0	0.09090909090909093	0.0	0.0	2.0	0.01818181818181818	0.0	0.0	34.0	0.21518987341772156	0.0	0.0	12.0	0.09836065573770493
DB_MAG_00030	R04	no_colonization	R04	DB_D_13	pill	6.148356994229999	100.0	0.6535947712418301	8.0	0.6666666666666666	1.0	0.03571428571428571	17.0	0.7391304347826086	104.0	0.5531914893617021	187.0	0.6584507042253521	159.0	0.7535545023696683	3.0	0.6	16.0	0.09302325581395347	222.0	0.6686746987951807	6.0	0.5454545454545454	56.0	0.5	49.0	0.44545454545454544	27.0	0.75	70.0	0.4430379746835443	12.0	0.4444444444444444	63.0	0.5163934426229508
DB_MAG_00032	R04	no_colonization	R04	DB_D_13	pill	8.19432682404	60.0	0.392156862745098	4.0	0.3333333333333333	0.0	0.0	8.0	0.3478260869565217	54.0	0.2872340425531915	98.0	0.34507042253521125	87.0	0.41232227488151657	4.0	0.8	12.0	0.06976744186046513	99.0	0.2981927710843373	5.0	0.4545454545454545	37.0	0.33035714285714285	39.0	0.3545454545454545	21.0	0.5833333333333334	37.0	0.23417721518987344	6.0	0.2222222222222222	21.0	0.1721311475409836
DB_MAG_00034	R02	no_colonization	R02	DB_D_11	colonoscopy	11.9924955283	123.0	0.8039215686274509	9.0	0.75	1.0	0.03571428571428571	20.0	0.8695652173913043	90.0	0.4787234042553192	259.0	0.9119718309859156	184.0	0.8720379146919431	5.0	1.0	8.0	0.04651162790697674	296.0	0.891566265060241	9.0	0.8181818181818182	87.0	0.7767857142857143	95.0	0.8636363636363636	26.0	0.7222222222222222	105.0	0.6645569620253164	7.0	0.25925925925925924	86.0	0.7049180327868853
DB_MAG_00035	R02	no_colonization	R02	DB_D_11	colonoscopy	11.5207793431	37.0	0.24183006535947715	6.0	0.5	1.0	0.03571428571428571	8.0	0.3478260869565217	44.0	0.23404255319148934	137.0	0.4823943661971831	75.0	0.35545023696682465	3.0	0.6	11.0	0.06395348837209303	132.0	0.3975903614457832	0.0	0.0	39.0	0.3482142857142857	19.0	0.17272727272727273	9.0	0.25	46.0	0.2911392405063291	0.0	0.0	33.0	0.2704918032786885
DB_MAG_00036	R02	no_colonization	R02	DB_D_11	colonoscopy	31.738340488400002	13.0	0.08496732026143791	1.0	0.08333333333333333	0.0	0.0	5.0	0.21739130434782608	6.0	0.031914893617021274	31.0	0.10915492957746477	32.0	0.15165876777251186	1.0	0.2	10.0	0.05813953488372092	53.0	0.15963855421686746	3.0	0.2727272727272727	14.0	0.125	4.0	0.03636363636363636	2.0	0.05555555555555555	8.0	0.05063291139240506	4.0	0.14814814814814814	11.0	0.09016393442622953
DB_MAG_00036	R05	no_colonization	R05	DB_D_07	pill	9.47689144451	13.0	0.08496732026143791	1.0	0.08333333333333333	0.0	0.0	5.0	0.21739130434782608	6.0	0.031914893617021274	31.0	0.10915492957746477	32.0	0.15165876777251186	1.0	0.2	10.0	0.05813953488372092	53.0	0.15963855421686746	3.0	0.2727272727272727	14.0	0.125	4.0	0.03636363636363636	2.0	0.05555555555555555	8.0	0.05063291139240506	4.0	0.14814814814814814	11.0	0.09016393442622953
DB_MAG_00037	R02	no_colonization	R02	DB_D_11	colonoscopy	0.71455080928	68.0	0.4444444444444444	1.0	0.08333333333333333	0.0	0.0	11.0	0.4782608695652174	7.0	0.03723404255319149	61.0	0.2147887323943662	58.0	0.2748815165876777	0.0	0.0	0.0	0.0	37.0	0.11144578313253012	3.0	0.2727272727272727	0.0	0.0	8.0	0.07272727272727272	0.0	0.0	46.0	0.2911392405063291	0.0	0.0	53.0	0.4344262295081967
DB_MAG_00039	R02	no_colonization	R02	DB_D_11	colonoscopy	15.8643900085	69.0	0.4509803921568628	3.0	0.25	0.0	0.0	13.0	0.5652173913043478	49.0	0.26063829787234044	162.0	0.5704225352112676	127.0	0.6018957345971564	2.0	0.4	13.0	0.0755813953488372	205.0	0.6174698795180723	1.0	0.09090909090909093	18.0	0.16071428571428573	55.0	0.5	26.0	0.7222222222222222	60.0	0.37974683544303794	8.0	0.2962962962962963	43.0	0.3524590163934426
DB_MAG_00041	R02	no_colonization	R02	DB_D_11	colonoscopy	1.5941545894100002	10.0	0.06535947712418301	1.0	0.08333333333333333	0.0	0.0	6.0	0.2608695652173913	33.0	0.17553191489361702	18.0	0.06338028169014084	7.0	0.03317535545023697	0.0	0.0	0.0	0.0	39.0	0.11746987951807228	0.0	0.0	0.0	0.0	0.0	0.0	0.0	0.0	14.0	0.08860759493670886	0.0	0.0	6.0	0.049180327868852465
DB_MAG_00041	R04	no_colonization	R04	DB_D_13	pill	0.6748984085359999	10.0	0.06535947712418301	1.0	0.08333333333333333	0.0	0.0	6.0	0.2608695652173913	33.0	0.17553191489361702	18.0	0.06338028169014084	7.0	0.03317535545023697	0.0	0.0	0.0	0.0	39.0	0.11746987951807228	0.0	0.0	0.0	0.0	0.0	0.0	0.0	0.0	14.0	0.08860759493670886	0.0	0.0	6.0	0.049180327868852465
DB_MAG_00043	R02	no_colonization	R02	DB_D_11	colonoscopy	27.744716399	69.0	0.4509803921568628	10.0	0.8333333333333334	0.0	0.0	15.0	0.6521739130434783	55.0	0.2925531914893617	198.0	0.6971830985915493	139.0	0.6587677725118484	4.0	0.8	0.0	0.0	200.0	0.6024096385542169	2.0	0.18181818181818185	16.0	0.14285714285714285	21.0	0.19090909090909086	3.0	0.08333333333333333	71.0	0.4493670886075949	3.0	0.1111111111111111	66.0	0.5409836065573771
DB_MAG_00043	R04	no_colonization	R04	DB_D_13	pill	5.7000802301	69.0	0.4509803921568628	10.0	0.8333333333333334	0.0	0.0	15.0	0.6521739130434783	55.0	0.2925531914893617	198.0	0.6971830985915493	139.0	0.6587677725118484	4.0	0.8	0.0	0.0	200.0	0.6024096385542169	2.0	0.18181818181818185	16.0	0.14285714285714285	21.0	0.19090909090909086	3.0	0.08333333333333333	71.0	0.4493670886075949	3.0	0.1111111111111111	66.0	0.5409836065573771
DB_MAG_00043	R05	no_colonization	R05	DB_D_07	pill	12.3775910793	69.0	0.4509803921568628	10.0	0.8333333333333334	0.0	0.0	15.0	0.6521739130434783	55.0	0.2925531914893617	198.0	0.6971830985915493	139.0	0.6587677725118484	4.0	0.8	0.0	0.0	200.0	0.6024096385542169	2.0	0.18181818181818185	16.0	0.14285714285714285	21.0	0.19090909090909086	3.0	0.08333333333333333	71.0	0.4493670886075949	3.0	0.1111111111111111	66.0	0.5409836065573771
DB_MAG_00044	R01	no_colonization	R01	DB_D_08	colonoscopy	12.0966294549	15.0	0.09803921568627452	1.0	0.08333333333333333	0.0	0.0	0.0	0.0	9.0	0.04787234042553192	18.0	0.06338028169014084	16.0	0.07582938388625593	5.0	1.0	0.0	0.0	63.0	0.1897590361445783	0.0	0.0	4.0	0.03571428571428571	0.0	0.0	4.0	0.1111111111111111	15.0	0.0949367088607595	19.0	0.7037037037037037	2.0	0.016393442622950817
DB_MAG_00044	R02	no_colonization	R02	DB_D_11	colonoscopy	7.6093397534200005	15.0	0.09803921568627452	1.0	0.08333333333333333	0.0	0.0	0.0	0.0	9.0	0.04787234042553192	18.0	0.06338028169014084	16.0	0.07582938388625593	5.0	1.0	0.0	0.0	63.0	0.1897590361445783	0.0	0.0	4.0	0.03571428571428571	0.0	0.0	4.0	0.1111111111111111	15.0	0.0949367088607595	19.0	0.7037037037037037	2.0	0.016393442622950817
DB_MAG_00049	R01	no_colonization	R01	DB_D_08	colonoscopy	4.5464957153	26.0	0.16993464052287582	1.0	0.08333333333333333	0.0	0.0	9.0	0.39130434782608703	6.0	0.031914893617021274	128.0	0.4507042253521127	76.0	0.36018957345971564	0.0	0.0	0.0	0.0	109.0	0.32831325301204817	0.0	0.0	4.0	0.03571428571428571	0.0	0.0	11.0	0.3055555555555556	18.0	0.1139240506329114	9.0	0.3333333333333333	7.0	0.05737704918032788
DB_MAG_00049	R02	no_colonization	R02	DB_D_11	colonoscopy	2.7162028032	26.0	0.16993464052287582	1.0	0.08333333333333333	0.0	0.0	9.0	0.39130434782608703	6.0	0.031914893617021274	128.0	0.4507042253521127	76.0	0.36018957345971564	0.0	0.0	0.0	0.0	109.0	0.32831325301204817	0.0	0.0	4.0	0.03571428571428571	0.0	0.0	11.0	0.3055555555555556	18.0	0.1139240506329114	9.0	0.3333333333333333	7.0	0.05737704918032788
DB_MAG_00060	R02	no_colonization	R02	DB_D_11	colonoscopy	5.99228013198	75.0	0.4901960784313725	8.0	0.6666666666666666	0.0	0.0	9.0	0.39130434782608703	82.0	0.4361702127659575	180.0	0.6338028169014085	118.0	0.5592417061611374	4.0	0.8	4.0	0.02325581395348837	236.0	0.7108433734939759	3.0	0.2727272727272727	28.0	0.25	37.0	0.3363636363636364	4.0	0.1111111111111111	81.0	0.5126582278481012	4.0	0.14814814814814814	53.0	0.4344262295081967
DB_MAG_00065	R02	no_colonization	R02	DB_D_11	colonoscopy	67.75423285689999	37.0	0.24183006535947715	4.0	0.3333333333333333	0.0	0.0	3.0	0.13043478260869565	43.0	0.22872340425531915	82.0	0.2887323943661972	47.0	0.2227488151658768	3.0	0.6	14.0	0.08139534883720931	114.0	0.3433734939759036	2.0	0.18181818181818185	61.0	0.5446428571428571	19.0	0.17272727272727273	2.0	0.05555555555555555	19.0	0.12025316455696206	0.0	0.0	14.0	0.11475409836065575
DB_MAG_00069	R01	no_colonization	R01	DB_D_08	colonoscopy	1.32790966184	35.0	0.2287581699346405	5.0	0.4166666666666667	0.0	0.0	0.0	0.0	14.0	0.07446808510638298	13.0	0.045774647887323945	53.0	0.25118483412322273	1.0	0.2	0.0	0.0	14.0	0.042168674698795185	0.0	0.0	28.0	0.25	0.0	0.0	0.0	0.0	10.0	0.06329113924050632	0.0	0.0	6.0	0.049180327868852465
DB_MAG_00069	R02	no_colonization	R02	DB_D_11	colonoscopy	2.32325116694	35.0	0.2287581699346405	5.0	0.4166666666666667	0.0	0.0	0.0	0.0	14.0	0.07446808510638298	13.0	0.045774647887323945	53.0	0.25118483412322273	1.0	0.2	0.0	0.0	14.0	0.042168674698795185	0.0	0.0	28.0	0.25	0.0	0.0	0.0	0.0	10.0	0.06329113924050632	0.0	0.0	6.0	0.049180327868852465
DB_MAG_00073	R01	no_colonization	R01	DB_D_08	colonoscopy	12.5128020132	1.0	0.006535947712418301	0.0	0.0	0.0	0.0	0.0	0.0	0.0	0.0	4.0	0.014084507042253518	6.0	0.02843601895734597	0.0	0.0	0.0	0.0	1.0	0.0030120481927710845	0.0	0.0	0.0	0.0	0.0	0.0	0.0	0.0	1.0	0.006329113924050633	0.0	0.0	2.0	0.016393442622950817
DB_MAG_00073	R02	no_colonization	R02	DB_D_11	colonoscopy	2.86886217202	1.0	0.006535947712418301	0.0	0.0	0.0	0.0	0.0	0.0	0.0	0.0	4.0	0.014084507042253518	6.0	0.02843601895734597	0.0	0.0	0.0	0.0	1.0	0.0030120481927710845	0.0	0.0	0.0	0.0	0.0	0.0	0.0	0.0	1.0	0.006329113924050633	0.0	0.0	2.0	0.016393442622950817
DB_MAG_00073	R04	no_colonization	R04	DB_D_13	pill	6.52262151764	1.0	0.006535947712418301	0.0	0.0	0.0	0.0	0.0	0.0	0.0	0.0	4.0	0.014084507042253518	6.0	0.02843601895734597	0.0	0.0	0.0	0.0	1.0	0.0030120481927710845	0.0	0.0	0.0	0.0	0.0	0.0	0.0	0.0	1.0	0.006329113924050633	0.0	0.0	2.0	0.016393442622950817
DB_MAG_00078	R02	no_colonization	R02	DB_D_11	colonoscopy	2.4313089359799998	57.0	0.3725490196078432	9.0	0.75	2.0	0.07142857142857142	19.0	0.8260869565217391	105.0	0.5585106382978723	209.0	0.7359154929577465	119.0	0.5639810426540285	5.0	1.0	12.0	0.06976744186046513	258.0	0.7771084337349398	2.0	0.18181818181818185	34.0	0.3035714285714285	104.0	0.9454545454545454	19.0	0.5277777777777778	75.0	0.4746835443037974	17.0	0.6296296296296297	76.0	0.6229508196721312
DB_MAG_00079	R01	no_colonization	R01	DB_D_08	colonoscopy	5.87603871042	0.0	0.0	0.0	0.0	0.0	0.0	0.0	0.0	0.0	0.0	2.0	0.007042253521126761	2.0	0.009478672985781993	1.0	0.2	2.0	0.011627906976744186	3.0	0.009036144578313251	0.0	0.0	3.0	0.026785714285714284	0.0	0.0	12.0	0.3333333333333333	0.0	0.0	0.0	0.0	1.0	0.008196721311475409
DB_MAG_00079	R02	no_colonization	R02	DB_D_11	colonoscopy	9.6773265411	0.0	0.0	0.0	0.0	0.0	0.0	0.0	0.0	0.0	0.0	2.0	0.007042253521126761	2.0	0.009478672985781993	1.0	0.2	2.0	0.011627906976744186	3.0	0.009036144578313251	0.0	0.0	3.0	0.026785714285714284	0.0	0.0	12.0	0.3333333333333333	0.0	0.0	0.0	0.0	1.0	0.008196721311475409
DB_MAG_00079	R04	no_colonization	R04	DB_D_13	pill	10.5558205535	0.0	0.0	0.0	0.0	0.0	0.0	0.0	0.0	0.0	0.0	2.0	0.007042253521126761	2.0	0.009478672985781993	1.0	0.2	2.0	0.011627906976744186	3.0	0.009036144578313251	0.0	0.0	3.0	0.026785714285714284	0.0	0.0	12.0	0.3333333333333333	0.0	0.0	0.0	0.0	1.0	0.008196721311475409
DB_MAG_00079	R05	no_colonization	R05	DB_D_07	pill	3.7832287405800002	0.0	0.0	0.0	0.0	0.0	0.0	0.0	0.0	0.0	0.0	2.0	0.007042253521126761	2.0	0.009478672985781993	1.0	0.2	2.0	0.011627906976744186	3.0	0.009036144578313251	0.0	0.0	3.0	0.026785714285714284	0.0	0.0	12.0	0.3333333333333333	0.0	0.0	0.0	0.0	1.0	0.008196721311475409
DB_MAG_00082	R01	no_colonization	R01	DB_D_08	colonoscopy	33.894859354	3.0	0.0196078431372549	0.0	0.0	0.0	0.0	0.0	0.0	1.0	0.0053191489361702135	5.0	0.017605633802816902	3.0	0.014218009478672985	0.0	0.0	0.0	0.0	4.0	0.012048192771084338	0.0	0.0	2.0	0.017857142857142856	0.0	0.0	7.0	0.19444444444444445	6.0	0.0379746835443038	0.0	0.0	4.0	0.032786885245901634
DB_MAG_00082	R02	no_colonization	R02	DB_D_11	colonoscopy	33.169504785	3.0	0.0196078431372549	0.0	0.0	0.0	0.0	0.0	0.0	1.0	0.0053191489361702135	5.0	0.017605633802816902	3.0	0.014218009478672985	0.0	0.0	0.0	0.0	4.0	0.012048192771084338	0.0	0.0	2.0	0.017857142857142856	0.0	0.0	7.0	0.19444444444444445	6.0	0.0379746835443038	0.0	0.0	4.0	0.032786885245901634
DB_MAG_00082	R04	no_colonization	R04	DB_D_13	pill	26.4690305552	3.0	0.0196078431372549	0.0	0.0	0.0	0.0	0.0	0.0	1.0	0.0053191489361702135	5.0	0.017605633802816902	3.0	0.014218009478672985	0.0	0.0	0.0	0.0	4.0	0.012048192771084338	0.0	0.0	2.0	0.017857142857142856	0.0	0.0	7.0	0.19444444444444445	6.0	0.0379746835443038	0.0	0.0	4.0	0.032786885245901634
DB_MAG_00083	R01	no_colonization	R01	DB_D_08	colonoscopy	3.65553167768	3.0	0.0196078431372549	0.0	0.0	0.0	0.0	0.0	0.0	2.0	0.010638297872340424	12.0	0.04225352112676056	9.0	0.04265402843601896	0.0	0.0	4.0	0.02325581395348837	17.0	0.05120481927710843	0.0	0.0	2.0	0.017857142857142856	0.0	0.0	4.0	0.1111111111111111	1.0	0.006329113924050633	0.0	0.0	0.0	0.0
DB_MAG_00083	R02	no_colonization	R02	DB_D_11	colonoscopy	10.047528806799999	3.0	0.0196078431372549	0.0	0.0	0.0	0.0	0.0	0.0	2.0	0.010638297872340424	12.0	0.04225352112676056	9.0	0.04265402843601896	0.0	0.0	4.0	0.02325581395348837	17.0	0.05120481927710843	0.0	0.0	2.0	0.017857142857142856	0.0	0.0	4.0	0.1111111111111111	1.0	0.006329113924050633	0.0	0.0	0.0	0.0
DB_MAG_00084	R02	no_colonization	R02	DB_D_11	colonoscopy	73.58066619649999	39.0	0.2549019607843137	3.0	0.25	2.0	0.07142857142857142	4.0	0.17391304347826084	49.0	0.26063829787234044	76.0	0.2676056338028169	44.0	0.20853080568720375	2.0	0.4	23.0	0.13372093023255813	65.0	0.19578313253012047	2.0	0.18181818181818185	35.0	0.3125	30.0	0.2727272727272727	19.0	0.5277777777777778	23.0	0.14556962025316456	9.0	0.3333333333333333	8.0	0.06557377049180327
DB_MAG_00085	R01	no_colonization	R01	DB_D_08	colonoscopy	16.474196713399998	7.0	0.0457516339869281	1.0	0.08333333333333333	0.0	0.0	0.0	0.0	6.0	0.031914893617021274	32.0	0.11267605633802814	23.0	0.10900473933649288	0.0	0.0	4.0	0.02325581395348837	52.0	0.1566265060240964	0.0	0.0	4.0	0.03571428571428571	1.0	0.00909090909090909	5.0	0.1388888888888889	3.0	0.0189873417721519	5.0	0.1851851851851852	3.0	0.024590163934426233
DB_MAG_00085	R02	no_colonization	R02	DB_D_11	colonoscopy	26.7062302614	7.0	0.0457516339869281	1.0	0.08333333333333333	0.0	0.0	0.0	0.0	6.0	0.031914893617021274	32.0	0.11267605633802814	23.0	0.10900473933649288	0.0	0.0	4.0	0.02325581395348837	52.0	0.1566265060240964	0.0	0.0	4.0	0.03571428571428571	1.0	0.00909090909090909	5.0	0.1388888888888889	3.0	0.0189873417721519	5.0	0.1851851851851852	3.0	0.024590163934426233
DB_MAG_00085	R04	no_colonization	R04	DB_D_13	pill	3.3096098870899997	7.0	0.0457516339869281	1.0	0.08333333333333333	0.0	0.0	0.0	0.0	6.0	0.031914893617021274	32.0	0.11267605633802814	23.0	0.10900473933649288	0.0	0.0	4.0	0.02325581395348837	52.0	0.1566265060240964	0.0	0.0	4.0	0.03571428571428571	1.0	0.00909090909090909	5.0	0.1388888888888889	3.0	0.0189873417721519	5.0	0.1851851851851852	3.0	0.024590163934426233
DB_MAG_00088	R02	no_colonization	R02	DB_D_11	colonoscopy	83.5620534256	21.0	0.13725490196078433	2.0	0.16666666666666666	0.0	0.0	3.0	0.13043478260869565	44.0	0.23404255319148934	59.0	0.20774647887323944	41.0	0.1943127962085308	1.0	0.2	13.0	0.0755813953488372	60.0	0.18072289156626506	2.0	0.18181818181818185	34.0	0.3035714285714285	9.0	0.08181818181818183	3.0	0.08333333333333333	9.0	0.0569620253164557	0.0	0.0	19.0	0.1557377049180328
DB_MAG_00091	R01	no_colonization	R01	DB_D_08	colonoscopy	6.29457090271	5.0	0.032679738562091505	0.0	0.0	0.0	0.0	0.0	0.0	2.0	0.010638297872340424	7.0	0.02464788732394366	3.0	0.014218009478672985	0.0	0.0	0.0	0.0	21.0	0.06325301204819278	0.0	0.0	3.0	0.026785714285714284	0.0	0.0	1.0	0.027777777777777776	0.0	0.0	2.0	0.07407407407407407	1.0	0.008196721311475409
DB_MAG_00091	R02	no_colonization	R02	DB_D_11	colonoscopy	7.404859503069999	5.0	0.032679738562091505	0.0	0.0	0.0	0.0	0.0	0.0	2.0	0.010638297872340424	7.0	0.02464788732394366	3.0	0.014218009478672985	0.0	0.0	0.0	0.0	21.0	0.06325301204819278	0.0	0.0	3.0	0.026785714285714284	0.0	0.0	1.0	0.027777777777777776	0.0	0.0	2.0	0.07407407407407407	1.0	0.008196721311475409
DB_MAG_00091	R04	no_colonization	R04	DB_D_13	pill	15.9027907165	5.0	0.032679738562091505	0.0	0.0	0.0	0.0	0.0	0.0	2.0	0.010638297872340424	7.0	0.02464788732394366	3.0	0.014218009478672985	0.0	0.0	0.0	0.0	21.0	0.06325301204819278	0.0	0.0	3.0	0.026785714285714284	0.0	0.0	1.0	0.027777777777777776	0.0	0.0	2.0	0.07407407407407407	1.0	0.008196721311475409
DB_MAG_00097	R01	no_colonization	R01	DB_D_08	colonoscopy	3.1357503921700003	3.0	0.0196078431372549	0.0	0.0	0.0	0.0	0.0	0.0	0.0	0.0	5.0	0.017605633802816902	0.0	0.0	0.0	0.0	0.0	0.0	3.0	0.009036144578313251	0.0	0.0	0.0	0.0	0.0	0.0	0.0	0.0	2.0	0.012658227848101266	0.0	0.0	2.0	0.016393442622950817
DB_MAG_00097	R04	no_colonization	R04	DB_D_13	pill	17.7749353685	3.0	0.0196078431372549	0.0	0.0	0.0	0.0	0.0	0.0	0.0	0.0	5.0	0.017605633802816902	0.0	0.0	0.0	0.0	0.0	0.0	3.0	0.009036144578313251	0.0	0.0	0.0	0.0	0.0	0.0	0.0	0.0	2.0	0.012658227848101266	0.0	0.0	2.0	0.016393442622950817
DB_MAG_00097	R05	no_colonization	R05	DB_D_07	pill	4.32264567994	3.0	0.0196078431372549	0.0	0.0	0.0	0.0	0.0	0.0	0.0	0.0	5.0	0.017605633802816902	0.0	0.0	0.0	0.0	0.0	0.0	3.0	0.009036144578313251	0.0	0.0	0.0	0.0	0.0	0.0	0.0	0.0	2.0	0.012658227848101266	0.0	0.0	2.0	0.016393442622950817
DB_MAG_00098	R02	no_colonization	R02	DB_D_11	colonoscopy	12.1022255884	23.0	0.1503267973856209	0.0	0.0	0.0	0.0	4.0	0.17391304347826084	19.0	0.10106382978723404	31.0	0.10915492957746477	14.0	0.06635071090047394	0.0	0.0	4.0	0.02325581395348837	33.0	0.09939759036144577	0.0	0.0	3.0	0.026785714285714284	11.0	0.1	6.0	0.16666666666666666	10.0	0.06329113924050632	0.0	0.0	11.0	0.09016393442622953
DB_MAG_00098	R04	no_colonization	R04	DB_D_13	pill	36.5856676765	23.0	0.1503267973856209	0.0	0.0	0.0	0.0	4.0	0.17391304347826084	19.0	0.10106382978723404	31.0	0.10915492957746477	14.0	0.06635071090047394	0.0	0.0	4.0	0.02325581395348837	33.0	0.09939759036144577	0.0	0.0	3.0	0.026785714285714284	11.0	0.1	6.0	0.16666666666666666	10.0	0.06329113924050632	0.0	0.0	11.0	0.09016393442622953
DB_MAG_00099	R01	no_colonization	R01	DB_D_08	colonoscopy	21.7079987926	0.0	0.0	0.0	0.0	0.0	0.0	0.0	0.0	0.0	0.0	0.0	0.0	0.0	0.0	0.0	0.0	0.0	0.0	0.0	0.0	0.0	0.0	0.0	0.0	0.0	0.0	0.0	0.0	0.0	0.0	0.0	0.0	0.0	0.0
DB_MAG_00099	R02	no_colonization	R02	DB_D_11	colonoscopy	31.713792217600002	0.0	0.0	0.0	0.0	0.0	0.0	0.0	0.0	0.0	0.0	0.0	0.0	0.0	0.0	0.0	0.0	0.0	0.0	0.0	0.0	0.0	0.0	0.0	0.0	0.0	0.0	0.0	0.0	0.0	0.0	0.0	0.0	0.0	0.0
DB_MAG_00099	R04	no_colonization	R04	DB_D_13	pill	1.25231165428	0.0	0.0	0.0	0.0	0.0	0.0	0.0	0.0	0.0	0.0	0.0	0.0	0.0	0.0	0.0	0.0	0.0	0.0	0.0	0.0	0.0	0.0	0.0	0.0	0.0	0.0	0.0	0.0	0.0	0.0	0.0	0.0	0.0	0.0
DB_MAG_00100	R01	no_colonization	R01	DB_D_08	colonoscopy	47.6858556768	10.0	0.06535947712418301	0.0	0.0	0.0	0.0	5.0	0.21739130434782608	9.0	0.04787234042553192	43.0	0.15140845070422534	20.0	0.0947867298578199	1.0	0.2	11.0	0.06395348837209303	68.0	0.20481927710843373	1.0	0.09090909090909093	10.0	0.08928571428571429	6.0	0.054545454545454536	10.0	0.2777777777777778	7.0	0.04430379746835443	1.0	0.037037037037037035	7.0	0.05737704918032788
DB_MAG_00100	R02	no_colonization	R02	DB_D_11	colonoscopy	31.9699652944	10.0	0.06535947712418301	0.0	0.0	0.0	0.0	5.0	0.21739130434782608	9.0	0.04787234042553192	43.0	0.15140845070422534	20.0	0.0947867298578199	1.0	0.2	11.0	0.06395348837209303	68.0	0.20481927710843373	1.0	0.09090909090909093	10.0	0.08928571428571429	6.0	0.054545454545454536	10.0	0.2777777777777778	7.0	0.04430379746835443	1.0	0.037037037037037035	7.0	0.05737704918032788
DB_MAG_00100	R05	no_colonization	R05	DB_D_07	pill	80.354993766	10.0	0.06535947712418301	0.0	0.0	0.0	0.0	5.0	0.21739130434782608	9.0	0.04787234042553192	43.0	0.15140845070422534	20.0	0.0947867298578199	1.0	0.2	11.0	0.06395348837209303	68.0	0.20481927710843373	1.0	0.09090909090909093	10.0	0.08928571428571429	6.0	0.054545454545454536	10.0	0.2777777777777778	7.0	0.04430379746835443	1.0	0.037037037037037035	7.0	0.05737704918032788
DB_MAG_00104	R01	no_colonization	R01	DB_D_08	colonoscopy	51.8790255045	10.0	0.06535947712418301	0.0	0.0	0.0	0.0	2.0	0.08695652173913042	0.0	0.0	31.0	0.10915492957746477	15.0	0.07109004739336493	0.0	0.0	0.0	0.0	14.0	0.042168674698795185	0.0	0.0	3.0	0.026785714285714284	1.0	0.00909090909090909	3.0	0.08333333333333333	9.0	0.0569620253164557	0.0	0.0	2.0	0.016393442622950817
DB_MAG_00104	R02	no_colonization	R02	DB_D_11	colonoscopy	14.7261827414	10.0	0.06535947712418301	0.0	0.0	0.0	0.0	2.0	0.08695652173913042	0.0	0.0	31.0	0.10915492957746477	15.0	0.07109004739336493	0.0	0.0	0.0	0.0	14.0	0.042168674698795185	0.0	0.0	3.0	0.026785714285714284	1.0	0.00909090909090909	3.0	0.08333333333333333	9.0	0.0569620253164557	0.0	0.0	2.0	0.016393442622950817
DB_MAG_00106	R01	no_colonization	R01	DB_D_08	colonoscopy	12.0162539606	19.0	0.12418300653594773	1.0	0.08333333333333333	0.0	0.0	5.0	0.21739130434782608	8.0	0.0425531914893617	69.0	0.24295774647887325	56.0	0.2654028436018957	0.0	0.0	8.0	0.04651162790697674	63.0	0.1897590361445783	1.0	0.09090909090909093	8.0	0.07142857142857142	4.0	0.03636363636363636	10.0	0.2777777777777778	6.0	0.0379746835443038	3.0	0.1111111111111111	9.0	0.07377049180327869
DB_MAG_00106	R02	no_colonization	R02	DB_D_11	colonoscopy	16.1421186135	19.0	0.12418300653594773	1.0	0.08333333333333333	0.0	0.0	5.0	0.21739130434782608	8.0	0.0425531914893617	69.0	0.24295774647887325	56.0	0.2654028436018957	0.0	0.0	8.0	0.04651162790697674	63.0	0.1897590361445783	1.0	0.09090909090909093	8.0	0.07142857142857142	4.0	0.03636363636363636	10.0	0.2777777777777778	6.0	0.0379746835443038	3.0	0.1111111111111111	9.0	0.07377049180327869
DB_MAG_00106	R04	no_colonization	R04	DB_D_13	pill	59.309959704799994	19.0	0.12418300653594773	1.0	0.08333333333333333	0.0	0.0	5.0	0.21739130434782608	8.0	0.0425531914893617	69.0	0.24295774647887325	56.0	0.2654028436018957	0.0	0.0	8.0	0.04651162790697674	63.0	0.1897590361445783	1.0	0.09090909090909093	8.0	0.07142857142857142	4.0	0.03636363636363636	10.0	0.2777777777777778	6.0	0.0379746835443038	3.0	0.1111111111111111	9.0	0.07377049180327869
DB_MAG_00106	R05	no_colonization	R05	DB_D_07	pill	20.8384908978	19.0	0.12418300653594773	1.0	0.08333333333333333	0.0	0.0	5.0	0.21739130434782608	8.0	0.0425531914893617	69.0	0.24295774647887325	56.0	0.2654028436018957	0.0	0.0	8.0	0.04651162790697674	63.0	0.1897590361445783	1.0	0.09090909090909093	8.0	0.07142857142857142	4.0	0.03636363636363636	10.0	0.2777777777777778	6.0	0.0379746835443038	3.0	0.1111111111111111	9.0	0.07377049180327869
DB_MAG_00109	R01	no_colonization	R01	DB_D_08	colonoscopy	14.5340575171	2.0	0.013071895424836602	0.0	0.0	0.0	0.0	0.0	0.0	0.0	0.0	12.0	0.04225352112676056	3.0	0.014218009478672985	0.0	0.0	0.0	0.0	0.0	0.0	0.0	0.0	0.0	0.0	0.0	0.0	0.0	0.0	0.0	0.0	0.0	0.0	0.0	0.0
DB_MAG_00109	R02	no_colonization	R02	DB_D_11	colonoscopy	11.5124619362	2.0	0.013071895424836602	0.0	0.0	0.0	0.0	0.0	0.0	0.0	0.0	12.0	0.04225352112676056	3.0	0.014218009478672985	0.0	0.0	0.0	0.0	0.0	0.0	0.0	0.0	0.0	0.0	0.0	0.0	0.0	0.0	0.0	0.0	0.0	0.0	0.0	0.0
DB_MAG_00112	R02	no_colonization	R02	DB_D_11	colonoscopy	13.4927578745	88.0	0.5751633986928104	10.0	0.8333333333333334	4.0	0.14285714285714285	18.0	0.7826086956521741	103.0	0.5478723404255319	239.0	0.8415492957746479	169.0	0.8009478672985783	5.0	1.0	40.0	0.2325581395348837	267.0	0.8042168674698795	3.0	0.2727272727272727	51.0	0.4553571428571429	105.0	0.9545454545454546	33.0	0.9166666666666666	80.0	0.5063291139240507	22.0	0.8148148148148148	73.0	0.5983606557377049
DB_MAG_00117	R01	no_colonization	R01	DB_D_08	colonoscopy	38.628346030900005	7.0	0.0457516339869281	0.0	0.0	0.0	0.0	1.0	0.043478260869565216	6.0	0.031914893617021274	26.0	0.09154929577464788	13.0	0.061611374407582936	0.0	0.0	1.0	0.005813953488372093	22.0	0.06626506024096386	0.0	0.0	12.0	0.10714285714285714	3.0	0.027272727272727268	8.0	0.2222222222222222	8.0	0.05063291139240506	2.0	0.07407407407407407	6.0	0.049180327868852465
DB_MAG_00117	R02	no_colonization	R02	DB_D_11	colonoscopy	11.9043327974	7.0	0.0457516339869281	0.0	0.0	0.0	0.0	1.0	0.043478260869565216	6.0	0.031914893617021274	26.0	0.09154929577464788	13.0	0.061611374407582936	0.0	0.0	1.0	0.005813953488372093	22.0	0.06626506024096386	0.0	0.0	12.0	0.10714285714285714	3.0	0.027272727272727268	8.0	0.2222222222222222	8.0	0.05063291139240506	2.0	0.07407407407407407	6.0	0.049180327868852465
DB_MAG_00122	R01	no_colonization	R01	DB_D_08	colonoscopy	42.901672864	29.0	0.1895424836601307	4.0	0.3333333333333333	0.0	0.0	4.0	0.17391304347826084	15.0	0.0797872340425532	60.0	0.2112676056338028	43.0	0.2037914691943128	0.0	0.0	6.0	0.034883720930232565	63.0	0.1897590361445783	2.0	0.18181818181818185	13.0	0.11607142857142858	4.0	0.03636363636363636	10.0	0.2777777777777778	17.0	0.10759493670886076	1.0	0.037037037037037035	7.0	0.05737704918032788
DB_MAG_00122	R02	no_colonization	R02	DB_D_11	colonoscopy	80.1538727388	29.0	0.1895424836601307	4.0	0.3333333333333333	0.0	0.0	4.0	0.17391304347826084	15.0	0.0797872340425532	60.0	0.2112676056338028	43.0	0.2037914691943128	0.0	0.0	6.0	0.034883720930232565	63.0	0.1897590361445783	2.0	0.18181818181818185	13.0	0.11607142857142858	4.0	0.03636363636363636	10.0	0.2777777777777778	17.0	0.10759493670886076	1.0	0.037037037037037035	7.0	0.05737704918032788
DB_MAG_00122	R04	no_colonization	R04	DB_D_13	pill	4.18902065724	29.0	0.1895424836601307	4.0	0.3333333333333333	0.0	0.0	4.0	0.17391304347826084	15.0	0.0797872340425532	60.0	0.2112676056338028	43.0	0.2037914691943128	0.0	0.0	6.0	0.034883720930232565	63.0	0.1897590361445783	2.0	0.18181818181818185	13.0	0.11607142857142858	4.0	0.03636363636363636	10.0	0.2777777777777778	17.0	0.10759493670886076	1.0	0.037037037037037035	7.0	0.05737704918032788
DB_MAG_00125	R02	no_colonization	R02	DB_D_11	colonoscopy	25.068745065799998	56.0	0.3660130718954248	2.0	0.16666666666666666	0.0	0.0	9.0	0.39130434782608703	25.0	0.13297872340425532	165.0	0.5809859154929577	122.0	0.5781990521327014	5.0	1.0	12.0	0.06976744186046513	138.0	0.4156626506024096	0.0	0.0	31.0	0.2767857142857143	68.0	0.6181818181818182	29.0	0.8055555555555556	42.0	0.26582278481012656	11.0	0.4074074074074074	37.0	0.30327868852459017
DB_MAG_00129	R01	no_colonization	R01	DB_D_08	colonoscopy	19.8458999154	35.0	0.2287581699346405	3.0	0.25	0.0	0.0	9.0	0.39130434782608703	26.0	0.13829787234042554	76.0	0.2676056338028169	56.0	0.2654028436018957	2.0	0.4	15.0	0.0872093023255814	91.0	0.2740963855421687	0.0	0.0	22.0	0.19642857142857145	11.0	0.1	16.0	0.4444444444444444	32.0	0.20253164556962025	0.0	0.0	22.0	0.18032786885245905
DB_MAG_00129	R02	no_colonization	R02	DB_D_11	colonoscopy	10.8033988679	35.0	0.2287581699346405	3.0	0.25	0.0	0.0	9.0	0.39130434782608703	26.0	0.13829787234042554	76.0	0.2676056338028169	56.0	0.2654028436018957	2.0	0.4	15.0	0.0872093023255814	91.0	0.2740963855421687	0.0	0.0	22.0	0.19642857142857145	11.0	0.1	16.0	0.4444444444444444	32.0	0.20253164556962025	0.0	0.0	22.0	0.18032786885245905
DB_MAG_00129	R05	no_colonization	R05	DB_D_07	pill	41.4374319117	35.0	0.2287581699346405	3.0	0.25	0.0	0.0	9.0	0.39130434782608703	26.0	0.13829787234042554	76.0	0.2676056338028169	56.0	0.2654028436018957	2.0	0.4	15.0	0.0872093023255814	91.0	0.2740963855421687	0.0	0.0	22.0	0.19642857142857145	11.0	0.1	16.0	0.4444444444444444	32.0	0.20253164556962025	0.0	0.0	22.0	0.18032786885245905
DB_MAG_00130	R01	no_colonization	R01	DB_D_08	colonoscopy	1.86797203099	41.0	0.2679738562091503	1.0	0.08333333333333333	0.0	0.0	7.0	0.3043478260869565	33.0	0.17553191489361702	69.0	0.24295774647887325	46.0	0.21800947867298576	1.0	0.2	2.0	0.011627906976744186	87.0	0.2620481927710843	1.0	0.09090909090909093	6.0	0.05357142857142857	7.0	0.06363636363636363	14.0	0.3888888888888889	23.0	0.14556962025316456	2.0	0.07407407407407407	24.0	0.19672131147540986
DB_MAG_00130	R02	no_colonization	R02	DB_D_11	colonoscopy	22.1516109258	41.0	0.2679738562091503	1.0	0.08333333333333333	0.0	0.0	7.0	0.3043478260869565	33.0	0.17553191489361702	69.0	0.24295774647887325	46.0	0.21800947867298576	1.0	0.2	2.0	0.011627906976744186	87.0	0.2620481927710843	1.0	0.09090909090909093	6.0	0.05357142857142857	7.0	0.06363636363636363	14.0	0.3888888888888889	23.0	0.14556962025316456	2.0	0.07407407407407407	24.0	0.19672131147540986
DB_MAG_00130	R05	no_colonization	R05	DB_D_07	pill	19.367683802000002	41.0	0.2679738562091503	1.0	0.08333333333333333	0.0	0.0	7.0	0.3043478260869565	33.0	0.17553191489361702	69.0	0.24295774647887325	46.0	0.21800947867298576	1.0	0.2	2.0	0.011627906976744186	87.0	0.2620481927710843	1.0	0.09090909090909093	6.0	0.05357142857142857	7.0	0.06363636363636363	14.0	0.3888888888888889	23.0	0.14556962025316456	2.0	0.07407407407407407	24.0	0.19672131147540986
DB_MAG_00131	R02	no_colonization	R02	DB_D_11	colonoscopy	2.7850279309099997	36.0	0.2352941176470588	5.0	0.4166666666666667	0.0	0.0	0.0	0.0	21.0	0.11170212765957446	8.0	0.028169014084507043	56.0	0.2654028436018957	3.0	0.6	0.0	0.0	77.0	0.2319277108433735	0.0	0.0	29.0	0.25892857142857145	0.0	0.0	2.0	0.05555555555555555	16.0	0.10126582278481013	0.0	0.0	4.0	0.032786885245901634
DB_MAG_00132	R02	no_colonization	R02	DB_D_11	colonoscopy	8.90184191822	47.0	0.3071895424836601	8.0	0.6666666666666666	0.0	0.0	18.0	0.7826086956521741	86.0	0.4574468085106383	180.0	0.6338028169014085	102.0	0.4834123222748815	0.0	0.0	28.0	0.16279069767441862	176.0	0.5301204819277109	3.0	0.2727272727272727	56.0	0.5	48.0	0.4363636363636363	7.0	0.19444444444444445	66.0	0.4177215189873418	0.0	0.0	59.0	0.4836065573770492
DB_MAG_00133	R02	no_colonization	R02	DB_D_11	colonoscopy	27.338405071900002	61.0	0.3986928104575164	5.0	0.4166666666666667	1.0	0.03571428571428571	12.0	0.5217391304347826	34.0	0.18085106382978725	177.0	0.6232394366197183	123.0	0.5829383886255924	5.0	1.0	40.0	0.2325581395348837	175.0	0.5271084337349398	1.0	0.09090909090909093	44.0	0.3928571428571429	96.0	0.8727272727272727	33.0	0.9166666666666666	38.0	0.2405063291139241	12.0	0.4444444444444444	30.0	0.2459016393442623
DB_MAG_00136	R01	no_colonization	R01	DB_D_08	colonoscopy	24.367545907600004	0.0	0.0	0.0	0.0	0.0	0.0	0.0	0.0	0.0	0.0	2.0	0.007042253521126761	0.0	0.0	0.0	0.0	0.0	0.0	2.0	0.006024096385542169	0.0	0.0	1.0	0.008928571428571428	0.0	0.0	7.0	0.19444444444444445	0.0	0.0	0.0	0.0	0.0	0.0
DB_MAG_00136	R02	no_colonization	R02	DB_D_11	colonoscopy	4.53132118304	0.0	0.0	0.0	0.0	0.0	0.0	0.0	0.0	0.0	0.0	2.0	0.007042253521126761	0.0	0.0	0.0	0.0	0.0	0.0	2.0	0.006024096385542169	0.0	0.0	1.0	0.008928571428571428	0.0	0.0	7.0	0.19444444444444445	0.0	0.0	0.0	0.0	0.0	0.0
DB_MAG_00139	R01	no_colonization	R01	DB_D_08	colonoscopy	30.7978211445	26.0	0.16993464052287582	3.0	0.25	0.0	0.0	5.0	0.21739130434782608	31.0	0.16489361702127658	92.0	0.323943661971831	35.0	0.16587677725118485	0.0	0.0	10.0	0.05813953488372092	114.0	0.3433734939759036	2.0	0.18181818181818185	17.0	0.15178571428571427	12.0	0.10909090909090907	11.0	0.3055555555555556	38.0	0.2405063291139241	0.0	0.0	24.0	0.19672131147540986
DB_MAG_00139	R02	no_colonization	R02	DB_D_11	colonoscopy	13.988041683399999	26.0	0.16993464052287582	3.0	0.25	0.0	0.0	5.0	0.21739130434782608	31.0	0.16489361702127658	92.0	0.323943661971831	35.0	0.16587677725118485	0.0	0.0	10.0	0.05813953488372092	114.0	0.3433734939759036	2.0	0.18181818181818185	17.0	0.15178571428571427	12.0	0.10909090909090907	11.0	0.3055555555555556	38.0	0.2405063291139241	0.0	0.0	24.0	0.19672131147540986
DB_MAG_00141	R04	no_colonization	R04	DB_D_13	pill	0.502760321588	15.0	0.09803921568627452	1.0	0.08333333333333333	0.0	0.0	2.0	0.08695652173913042	6.0	0.031914893617021274	15.0	0.0528169014084507	21.0	0.0995260663507109	0.0	0.0	0.0	0.0	37.0	0.11144578313253012	0.0	0.0	3.0	0.026785714285714284	0.0	0.0	2.0	0.05555555555555555	6.0	0.0379746835443038	0.0	0.0	2.0	0.016393442622950817
DB_MAG_00159	R01	no_colonization	R01	DB_D_08	colonoscopy	5.14982051554	20.0	0.13071895424836602	0.0	0.0	0.0	0.0	4.0	0.17391304347826084	11.0	0.058510638297872335	41.0	0.1443661971830986	29.0	0.13744075829383887	0.0	0.0	0.0	0.0	60.0	0.18072289156626506	0.0	0.0	0.0	0.0	6.0	0.054545454545454536	1.0	0.027777777777777776	10.0	0.06329113924050632	0.0	0.0	7.0	0.05737704918032788
DB_MAG_00159	R02	no_colonization	R02	DB_D_11	colonoscopy	1.4783525993900002	20.0	0.13071895424836602	0.0	0.0	0.0	0.0	4.0	0.17391304347826084	11.0	0.058510638297872335	41.0	0.1443661971830986	29.0	0.13744075829383887	0.0	0.0	0.0	0.0	60.0	0.18072289156626506	0.0	0.0	0.0	0.0	6.0	0.054545454545454536	1.0	0.027777777777777776	10.0	0.06329113924050632	0.0	0.0	7.0	0.05737704918032788
DB_MAG_00163	R01	no_colonization	R01	DB_D_08	colonoscopy	9.75436078983	6.0	0.0392156862745098	0.0	0.0	0.0	0.0	0.0	0.0	2.0	0.010638297872340424	0.0	0.0	4.0	0.018957345971563986	1.0	0.2	0.0	0.0	2.0	0.006024096385542169	1.0	0.09090909090909093	1.0	0.008928571428571428	1.0	0.00909090909090909	2.0	0.05555555555555555	2.0	0.012658227848101266	0.0	0.0	0.0	0.0
DB_MAG_00170	R02	no_colonization	R02	DB_D_11	colonoscopy	0.88672411074	53.0	0.3464052287581699	3.0	0.25	1.0	0.03571428571428571	10.0	0.43478260869565216	51.0	0.2712765957446808	153.0	0.5387323943661971	114.0	0.5402843601895735	3.0	0.6	11.0	0.06395348837209303	172.0	0.5180722891566265	3.0	0.2727272727272727	38.0	0.3392857142857143	101.0	0.9181818181818182	29.0	0.8055555555555556	48.0	0.3037974683544304	8.0	0.2962962962962963	33.0	0.2704918032786885
DB_MAG_00175	R01	no_colonization	R01	DB_D_08	colonoscopy	7.29549751007	8.0	0.052287581699346414	0.0	0.0	0.0	0.0	0.0	0.0	2.0	0.010638297872340424	14.0	0.04929577464788732	5.0	0.02369668246445497	0.0	0.0	0.0	0.0	14.0	0.042168674698795185	0.0	0.0	0.0	0.0	2.0	0.01818181818181818	0.0	0.0	5.0	0.03164556962025317	0.0	0.0	2.0	0.016393442622950817
DB_MAG_00175	R02	no_colonization	R02	DB_D_11	colonoscopy	4.32457282501	8.0	0.052287581699346414	0.0	0.0	0.0	0.0	0.0	0.0	2.0	0.010638297872340424	14.0	0.04929577464788732	5.0	0.02369668246445497	0.0	0.0	0.0	0.0	14.0	0.042168674698795185	0.0	0.0	0.0	0.0	2.0	0.01818181818181818	0.0	0.0	5.0	0.03164556962025317	0.0	0.0	2.0	0.016393442622950817
DB_MAG_00177	R02	no_colonization	R02	DB_D_11	colonoscopy	3.68297712013	4.0	0.026143790849673203	0.0	0.0	0.0	0.0	0.0	0.0	0.0	0.0	9.0	0.03169014084507042	14.0	0.06635071090047394	0.0	0.0	0.0	0.0	5.0	0.015060240963855422	0.0	0.0	0.0	0.0	0.0	0.0	0.0	0.0	2.0	0.012658227848101266	0.0	0.0	8.0	0.06557377049180327
DB_MAG_00177	R04	no_colonization	R04	DB_D_13	pill	3.954464568	4.0	0.026143790849673203	0.0	0.0	0.0	0.0	0.0	0.0	0.0	0.0	9.0	0.03169014084507042	14.0	0.06635071090047394	0.0	0.0	0.0	0.0	5.0	0.015060240963855422	0.0	0.0	0.0	0.0	0.0	0.0	0.0	0.0	2.0	0.012658227848101266	0.0	0.0	8.0	0.06557377049180327
DB_MAG_00180	R02	no_colonization	R02	DB_D_11	colonoscopy	0.7394378935510001	14.0	0.0915032679738562	5.0	0.4166666666666667	0.0	0.0	6.0	0.2608695652173913	42.0	0.22340425531914893	26.0	0.09154929577464788	33.0	0.15639810426540285	0.0	0.0	0.0	0.0	30.0	0.09036144578313253	0.0	0.0	2.0	0.017857142857142856	9.0	0.08181818181818183	1.0	0.027777777777777776	10.0	0.06329113924050632	0.0	0.0	24.0	0.19672131147540986
DB_MAG_00182	R02	no_colonization	R02	DB_D_11	colonoscopy	15.5977451326	18.0	0.1176470588235294	0.0	0.0	0.0	0.0	1.0	0.043478260869565216	0.0	0.0	71.0	0.25	32.0	0.15165876777251186	0.0	0.0	0.0	0.0	25.0	0.07530120481927711	2.0	0.18181818181818185	0.0	0.0	0.0	0.0	0.0	0.0	27.0	0.17088607594936708	0.0	0.0	9.0	0.07377049180327869
DB_MAG_00004	R04	colonization	R04	DB_D_13	pill	24.567224853800003	19.0	0.12418300653594773	2.0	0.16666666666666666	0.0	0.0	5.0	0.21739130434782608	3.0	0.015957446808510637	31.0	0.10915492957746477	37.0	0.17535545023696686	0.0	0.0	0.0	0.0	15.0	0.045180722891566265	1.0	0.09090909090909093	0.0	0.0	0.0	0.0	0.0	0.0	13.0	0.08227848101265822	0.0	0.0	12.0	0.09836065573770493
DB_MAG_00004	R05	colonization	R05	DB_D_07	pill	25.918479068499998	19.0	0.12418300653594773	2.0	0.16666666666666666	0.0	0.0	5.0	0.21739130434782608	3.0	0.015957446808510637	31.0	0.10915492957746477	37.0	0.17535545023696686	0.0	0.0	0.0	0.0	15.0	0.045180722891566265	1.0	0.09090909090909093	0.0	0.0	0.0	0.0	0.0	0.0	13.0	0.08227848101265822	0.0	0.0	12.0	0.09836065573770493
DB_MAG_00005	R05	colonization	R05	DB_D_07	pill	40.7405894005	76.0	0.4967320261437909	8.0	0.6666666666666666	0.0	0.0	17.0	0.7391304347826086	73.0	0.3882978723404255	180.0	0.6338028169014085	138.0	0.6540284360189573	3.0	0.6	8.0	0.04651162790697674	229.0	0.6897590361445783	6.0	0.5454545454545454	22.0	0.19642857142857145	38.0	0.34545454545454546	6.0	0.16666666666666666	80.0	0.5063291139240507	1.0	0.037037037037037035	82.0	0.6721311475409836
DB_MAG_00007	R05	colonization	R05	DB_D_07	pill	5.27508682477	12.0	0.0784313725490196	5.0	0.4166666666666667	0.0	0.0	12.0	0.5217391304347826	156.0	0.8297872340425532	54.0	0.19014084507042253	70.0	0.33175355450236965	0.0	0.0	2.0	0.011627906976744186	88.0	0.26506024096385544	0.0	0.0	15.0	0.13392857142857142	3.0	0.027272727272727268	0.0	0.0	40.0	0.2531645569620253	0.0	0.0	52.0	0.4262295081967213
DB_MAG_00010	R01	colonization	R01	DB_D_08	colonoscopy	16.0162313465	39.0	0.2549019607843137	3.0	0.25	0.0	0.0	7.0	0.3043478260869565	13.0	0.06914893617021277	103.0	0.3626760563380282	95.0	0.4502369668246445	0.0	0.0	0.0	0.0	62.0	0.1867469879518072	2.0	0.18181818181818185	1.0	0.008928571428571428	2.0	0.01818181818181818	0.0	0.0	38.0	0.2405063291139241	0.0	0.0	10.0	0.08196721311475409
DB_MAG_00010	R05	colonization	R05	DB_D_07	pill	21.8054905673	39.0	0.2549019607843137	3.0	0.25	0.0	0.0	7.0	0.3043478260869565	13.0	0.06914893617021277	103.0	0.3626760563380282	95.0	0.4502369668246445	0.0	0.0	0.0	0.0	62.0	0.1867469879518072	2.0	0.18181818181818185	1.0	0.008928571428571428	2.0	0.01818181818181818	0.0	0.0	38.0	0.2405063291139241	0.0	0.0	10.0	0.08196721311475409
DB_MAG_00013	R05	colonization	R05	DB_D_07	pill	4.98645199707	57.0	0.3725490196078432	0.0	0.0	0.0	0.0	4.0	0.17391304347826084	0.0	0.0	70.0	0.24647887323943665	52.0	0.2464454976303317	3.0	0.6	0.0	0.0	111.0	0.3343373493975904	0.0	0.0	48.0	0.42857142857142855	92.0	0.8363636363636363	5.0	0.1388888888888889	49.0	0.310126582278481	1.0	0.037037037037037035	6.0	0.049180327868852465
DB_MAG_00015	R03	colonization	R03	DB_D_14	pill	25.443722462399997	31.0	0.20261437908496727	6.0	0.5	0.0	0.0	7.0	0.3043478260869565	2.0	0.010638297872340424	121.0	0.426056338028169	86.0	0.4075829383886256	5.0	1.0	0.0	0.0	81.0	0.24397590361445784	1.0	0.09090909090909093	4.0	0.03571428571428571	1.0	0.00909090909090909	0.0	0.0	34.0	0.21518987341772156	6.0	0.2222222222222222	23.0	0.1885245901639344
DB_MAG_00015	R04	colonization	R04	DB_D_13	pill	12.696806006900001	31.0	0.20261437908496727	6.0	0.5	0.0	0.0	7.0	0.3043478260869565	2.0	0.010638297872340424	121.0	0.426056338028169	86.0	0.4075829383886256	5.0	1.0	0.0	0.0	81.0	0.24397590361445784	1.0	0.09090909090909093	4.0	0.03571428571428571	1.0	0.00909090909090909	0.0	0.0	34.0	0.21518987341772156	6.0	0.2222222222222222	23.0	0.1885245901639344
DB_MAG_00015	R05	colonization	R05	DB_D_07	pill	6.425313790950001	31.0	0.20261437908496727	6.0	0.5	0.0	0.0	7.0	0.3043478260869565	2.0	0.010638297872340424	121.0	0.426056338028169	86.0	0.4075829383886256	5.0	1.0	0.0	0.0	81.0	0.24397590361445784	1.0	0.09090909090909093	4.0	0.03571428571428571	1.0	0.00909090909090909	0.0	0.0	34.0	0.21518987341772156	6.0	0.2222222222222222	23.0	0.1885245901639344
DB_MAG_00020	R01	colonization	R01	DB_D_08	colonoscopy	2.1216066818	68.0	0.4444444444444444	7.0	0.5833333333333334	0.0	0.0	19.0	0.8260869565217391	61.0	0.32446808510638303	196.0	0.6901408450704225	171.0	0.8104265402843602	0.0	0.0	0.0	0.0	261.0	0.7861445783132529	3.0	0.2727272727272727	3.0	0.026785714285714284	40.0	0.3636363636363637	0.0	0.0	94.0	0.5949367088607594	0.0	0.0	60.0	0.4918032786885246
DB_MAG_00022	R02	colonization	R02	DB_D_11	colonoscopy	6.60580020798	108.0	0.7058823529411765	10.0	0.8333333333333334	0.0	0.0	13.0	0.5652173913043478	130.0	0.6914893617021277	186.0	0.6549295774647887	177.0	0.8388625592417062	0.0	0.0	7.0	0.040697674418604654	265.0	0.7981927710843374	2.0	0.18181818181818185	32.0	0.2857142857142857	4.0	0.03636363636363636	17.0	0.4722222222222222	105.0	0.6645569620253164	0.0	0.0	65.0	0.5327868852459017
DB_MAG_00022	R05	colonization	R05	DB_D_07	pill	18.7995817244	108.0	0.7058823529411765	10.0	0.8333333333333334	0.0	0.0	13.0	0.5652173913043478	130.0	0.6914893617021277	186.0	0.6549295774647887	177.0	0.8388625592417062	0.0	0.0	7.0	0.040697674418604654	265.0	0.7981927710843374	2.0	0.18181818181818185	32.0	0.2857142857142857	4.0	0.03636363636363636	17.0	0.4722222222222222	105.0	0.6645569620253164	0.0	0.0	65.0	0.5327868852459017
DB_MAG_00024	R05	colonization	R05	DB_D_07	pill	3.3481568988999997	73.0	0.477124183006536	1.0	0.08333333333333333	0.0	0.0	12.0	0.5217391304347826	18.0	0.09574468085106384	107.0	0.3767605633802817	115.0	0.5450236966824644	0.0	0.0	1.0	0.005813953488372093	109.0	0.32831325301204817	3.0	0.2727272727272727	2.0	0.017857142857142856	16.0	0.14545454545454545	3.0	0.08333333333333333	41.0	0.25949367088607594	0.0	0.0	45.0	0.3688524590163935
DB_MAG_00026	R01	colonization	R01	DB_D_08	colonoscopy	3.18960720448	12.0	0.0784313725490196	3.0	0.25	0.0	0.0	5.0	0.21739130434782608	9.0	0.04787234042553192	71.0	0.25	32.0	0.15165876777251186	0.0	0.0	0.0	0.0	49.0	0.14759036144578316	1.0	0.09090909090909093	0.0	0.0	2.0	0.01818181818181818	0.0	0.0	34.0	0.21518987341772156	0.0	0.0	12.0	0.09836065573770493
DB_MAG_00026	R04	colonization	R04	DB_D_13	pill	2.4305472815	12.0	0.0784313725490196	3.0	0.25	0.0	0.0	5.0	0.21739130434782608	9.0	0.04787234042553192	71.0	0.25	32.0	0.15165876777251186	0.0	0.0	0.0	0.0	49.0	0.14759036144578316	1.0	0.09090909090909093	0.0	0.0	2.0	0.01818181818181818	0.0	0.0	34.0	0.21518987341772156	0.0	0.0	12.0	0.09836065573770493
DB_MAG_00026	R05	colonization	R05	DB_D_07	pill	0.66151095759	12.0	0.0784313725490196	3.0	0.25	0.0	0.0	5.0	0.21739130434782608	9.0	0.04787234042553192	71.0	0.25	32.0	0.15165876777251186	0.0	0.0	0.0	0.0	49.0	0.14759036144578316	1.0	0.09090909090909093	0.0	0.0	2.0	0.01818181818181818	0.0	0.0	34.0	0.21518987341772156	0.0	0.0	12.0	0.09836065573770493
DB_MAG_00029	R03	colonization	R03	DB_D_14	pill	15.023473277999999	26.0	0.16993464052287582	2.0	0.16666666666666666	0.0	0.0	9.0	0.39130434782608703	45.0	0.2393617021276596	42.0	0.14788732394366194	54.0	0.2559241706161137	2.0	0.4	5.0	0.02906976744186046	99.0	0.2981927710843373	2.0	0.18181818181818185	29.0	0.25892857142857145	65.0	0.5909090909090909	8.0	0.2222222222222222	32.0	0.20253164556962025	2.0	0.07407407407407407	29.0	0.2377049180327869
DB_MAG_00030	R05	colonization	R05	DB_D_07	pill	266.5541295	100.0	0.6535947712418301	8.0	0.6666666666666666	1.0	0.03571428571428571	17.0	0.7391304347826086	104.0	0.5531914893617021	187.0	0.6584507042253521	159.0	0.7535545023696683	3.0	0.6	16.0	0.09302325581395347	222.0	0.6686746987951807	6.0	0.5454545454545454	56.0	0.5	49.0	0.44545454545454544	27.0	0.75	70.0	0.4430379746835443	12.0	0.4444444444444444	63.0	0.5163934426229508
DB_MAG_00034	R04	colonization	R04	DB_D_13	pill	41.0218399604	123.0	0.8039215686274509	9.0	0.75	1.0	0.03571428571428571	20.0	0.8695652173913043	90.0	0.4787234042553192	259.0	0.9119718309859156	184.0	0.8720379146919431	5.0	1.0	8.0	0.04651162790697674	296.0	0.891566265060241	9.0	0.8181818181818182	87.0	0.7767857142857143	95.0	0.8636363636363636	26.0	0.7222222222222222	105.0	0.6645569620253164	7.0	0.25925925925925924	86.0	0.7049180327868853
DB_MAG_00034	R05	colonization	R05	DB_D_07	pill	23.2544051362	123.0	0.8039215686274509	9.0	0.75	1.0	0.03571428571428571	20.0	0.8695652173913043	90.0	0.4787234042553192	259.0	0.9119718309859156	184.0	0.8720379146919431	5.0	1.0	8.0	0.04651162790697674	296.0	0.891566265060241	9.0	0.8181818181818182	87.0	0.7767857142857143	95.0	0.8636363636363636	26.0	0.7222222222222222	105.0	0.6645569620253164	7.0	0.25925925925925924	86.0	0.7049180327868853
DB_MAG_00035	R01	colonization	R01	DB_D_08	colonoscopy	15.1382814214	37.0	0.24183006535947715	6.0	0.5	1.0	0.03571428571428571	8.0	0.3478260869565217	44.0	0.23404255319148934	137.0	0.4823943661971831	75.0	0.35545023696682465	3.0	0.6	11.0	0.06395348837209303	132.0	0.3975903614457832	0.0	0.0	39.0	0.3482142857142857	19.0	0.17272727272727273	9.0	0.25	46.0	0.2911392405063291	0.0	0.0	33.0	0.2704918032786885
DB_MAG_00035	R05	colonization	R05	DB_D_07	pill	5.2633885996	37.0	0.24183006535947715	6.0	0.5	1.0	0.03571428571428571	8.0	0.3478260869565217	44.0	0.23404255319148934	137.0	0.4823943661971831	75.0	0.35545023696682465	3.0	0.6	11.0	0.06395348837209303	132.0	0.3975903614457832	0.0	0.0	39.0	0.3482142857142857	19.0	0.17272727272727273	9.0	0.25	46.0	0.2911392405063291	0.0	0.0	33.0	0.2704918032786885
DB_MAG_00036	R04	colonization	R04	DB_D_13	pill	9.74955314377	13.0	0.08496732026143791	1.0	0.08333333333333333	0.0	0.0	5.0	0.21739130434782608	6.0	0.031914893617021274	31.0	0.10915492957746477	32.0	0.15165876777251186	1.0	0.2	10.0	0.05813953488372092	53.0	0.15963855421686746	3.0	0.2727272727272727	14.0	0.125	4.0	0.03636363636363636	2.0	0.05555555555555555	8.0	0.05063291139240506	4.0	0.14814814814814814	11.0	0.09016393442622953
DB_MAG_00039	R04	colonization	R04	DB_D_13	pill	38.5177533115	69.0	0.4509803921568628	3.0	0.25	0.0	0.0	13.0	0.5652173913043478	49.0	0.26063829787234044	162.0	0.5704225352112676	127.0	0.6018957345971564	2.0	0.4	13.0	0.0755813953488372	205.0	0.6174698795180723	1.0	0.09090909090909093	18.0	0.16071428571428573	55.0	0.5	26.0	0.7222222222222222	60.0	0.37974683544303794	8.0	0.2962962962962963	43.0	0.3524590163934426
DB_MAG_00039	R05	colonization	R05	DB_D_07	pill	75.2376396521	69.0	0.4509803921568628	3.0	0.25	0.0	0.0	13.0	0.5652173913043478	49.0	0.26063829787234044	162.0	0.5704225352112676	127.0	0.6018957345971564	2.0	0.4	13.0	0.0755813953488372	205.0	0.6174698795180723	1.0	0.09090909090909093	18.0	0.16071428571428573	55.0	0.5	26.0	0.7222222222222222	60.0	0.37974683544303794	8.0	0.2962962962962963	43.0	0.3524590163934426
DB_MAG_00042	R04	colonization	R04	DB_D_13	pill	198.942760916	51.0	0.3333333333333333	3.0	0.25	1.0	0.03571428571428571	17.0	0.7391304347826086	5.0	0.026595744680851064	78.0	0.2746478873239437	87.0	0.41232227488151657	0.0	0.0	0.0	0.0	12.0	0.03614457831325301	3.0	0.2727272727272727	13.0	0.11607142857142858	9.0	0.08181818181818183	0.0	0.0	62.0	0.3924050632911392	0.0	0.0	54.0	0.4426229508196721
DB_MAG_00044	R05	colonization	R05	DB_D_07	pill	10.41945281	15.0	0.09803921568627452	1.0	0.08333333333333333	0.0	0.0	0.0	0.0	9.0	0.04787234042553192	18.0	0.06338028169014084	16.0	0.07582938388625593	5.0	1.0	0.0	0.0	63.0	0.1897590361445783	0.0	0.0	4.0	0.03571428571428571	0.0	0.0	4.0	0.1111111111111111	15.0	0.0949367088607595	19.0	0.7037037037037037	2.0	0.016393442622950817
DB_MAG_00049	R05	colonization	R05	DB_D_07	pill	3.48481453862	26.0	0.16993464052287582	1.0	0.08333333333333333	0.0	0.0	9.0	0.39130434782608703	6.0	0.031914893617021274	128.0	0.4507042253521127	76.0	0.36018957345971564	0.0	0.0	0.0	0.0	109.0	0.32831325301204817	0.0	0.0	4.0	0.03571428571428571	0.0	0.0	11.0	0.3055555555555556	18.0	0.1139240506329114	9.0	0.3333333333333333	7.0	0.05737704918032788
DB_MAG_00051	R02	colonization	R02	DB_D_11	colonoscopy	4.9101293980900005	121.0	0.7908496732026143	12.0	1.0	1.0	0.03571428571428571	17.0	0.7391304347826086	89.0	0.4734042553191489	255.0	0.897887323943662	184.0	0.8720379146919431	1.0	0.2	14.0	0.08139534883720931	289.0	0.8704819277108434	7.0	0.6363636363636364	40.0	0.35714285714285715	103.0	0.9363636363636364	17.0	0.4722222222222222	118.0	0.7468354430379747	6.0	0.2222222222222222	82.0	0.6721311475409836
DB_MAG_00051	R05	colonization	R05	DB_D_07	pill	15.657961893800001	121.0	0.7908496732026143	12.0	1.0	1.0	0.03571428571428571	17.0	0.7391304347826086	89.0	0.4734042553191489	255.0	0.897887323943662	184.0	0.8720379146919431	1.0	0.2	14.0	0.08139534883720931	289.0	0.8704819277108434	7.0	0.6363636363636364	40.0	0.35714285714285715	103.0	0.9363636363636364	17.0	0.4722222222222222	118.0	0.7468354430379747	6.0	0.2222222222222222	82.0	0.6721311475409836
DB_MAG_00055	R02	colonization	R02	DB_D_11	colonoscopy	32.753174557399994	68.0	0.4444444444444444	9.0	0.75	0.0	0.0	21.0	0.9130434782608696	142.0	0.7553191489361702	207.0	0.7288732394366197	140.0	0.6635071090047393	1.0	0.2	4.0	0.02325581395348837	297.0	0.8945783132530121	4.0	0.3636363636363637	7.0	0.0625	55.0	0.5	1.0	0.027777777777777776	124.0	0.7848101265822784	0.0	0.0	80.0	0.6557377049180327
DB_MAG_00055	R05	colonization	R05	DB_D_07	pill	4.73940521904	68.0	0.4444444444444444	9.0	0.75	0.0	0.0	21.0	0.9130434782608696	142.0	0.7553191489361702	207.0	0.7288732394366197	140.0	0.6635071090047393	1.0	0.2	4.0	0.02325581395348837	297.0	0.8945783132530121	4.0	0.3636363636363637	7.0	0.0625	55.0	0.5	1.0	0.027777777777777776	124.0	0.7848101265822784	0.0	0.0	80.0	0.6557377049180327
DB_MAG_00060	R01	colonization	R01	DB_D_08	colonoscopy	6.237805916259999	75.0	0.4901960784313725	8.0	0.6666666666666666	0.0	0.0	9.0	0.39130434782608703	82.0	0.4361702127659575	180.0	0.6338028169014085	118.0	0.5592417061611374	4.0	0.8	4.0	0.02325581395348837	236.0	0.7108433734939759	3.0	0.2727272727272727	28.0	0.25	37.0	0.3363636363636364	4.0	0.1111111111111111	81.0	0.5126582278481012	4.0	0.14814814814814814	53.0	0.4344262295081967
DB_MAG_00060	R03	colonization	R03	DB_D_14	pill	9.3106821211	75.0	0.4901960784313725	8.0	0.6666666666666666	0.0	0.0	9.0	0.39130434782608703	82.0	0.4361702127659575	180.0	0.6338028169014085	118.0	0.5592417061611374	4.0	0.8	4.0	0.02325581395348837	236.0	0.7108433734939759	3.0	0.2727272727272727	28.0	0.25	37.0	0.3363636363636364	4.0	0.1111111111111111	81.0	0.5126582278481012	4.0	0.14814814814814814	53.0	0.4344262295081967
DB_MAG_00060	R05	colonization	R05	DB_D_07	pill	4.77822162149	75.0	0.4901960784313725	8.0	0.6666666666666666	0.0	0.0	9.0	0.39130434782608703	82.0	0.4361702127659575	180.0	0.6338028169014085	118.0	0.5592417061611374	4.0	0.8	4.0	0.02325581395348837	236.0	0.7108433734939759	3.0	0.2727272727272727	28.0	0.25	37.0	0.3363636363636364	4.0	0.1111111111111111	81.0	0.5126582278481012	4.0	0.14814814814814814	53.0	0.4344262295081967
DB_MAG_00065	R05	colonization	R05	DB_D_07	pill	60.840637835600006	37.0	0.24183006535947715	4.0	0.3333333333333333	0.0	0.0	3.0	0.13043478260869565	43.0	0.22872340425531915	82.0	0.2887323943661972	47.0	0.2227488151658768	3.0	0.6	14.0	0.08139534883720931	114.0	0.3433734939759036	2.0	0.18181818181818185	61.0	0.5446428571428571	19.0	0.17272727272727273	2.0	0.05555555555555555	19.0	0.12025316455696206	0.0	0.0	14.0	0.11475409836065575
DB_MAG_00069	R05	colonization	R05	DB_D_07	pill	0.489037944223	35.0	0.2287581699346405	5.0	0.4166666666666667	0.0	0.0	0.0	0.0	14.0	0.07446808510638298	13.0	0.045774647887323945	53.0	0.25118483412322273	1.0	0.2	0.0	0.0	14.0	0.042168674698795185	0.0	0.0	28.0	0.25	0.0	0.0	0.0	0.0	10.0	0.06329113924050632	0.0	0.0	6.0	0.049180327868852465
DB_MAG_00078	R01	colonization	R01	DB_D_08	colonoscopy	2.3860882494099998	57.0	0.3725490196078432	9.0	0.75	2.0	0.07142857142857142	19.0	0.8260869565217391	105.0	0.5585106382978723	209.0	0.7359154929577465	119.0	0.5639810426540285	5.0	1.0	12.0	0.06976744186046513	258.0	0.7771084337349398	2.0	0.18181818181818185	34.0	0.3035714285714285	104.0	0.9454545454545454	19.0	0.5277777777777778	75.0	0.4746835443037974	17.0	0.6296296296296297	76.0	0.6229508196721312
DB_MAG_00078	R04	colonization	R04	DB_D_13	pill	3.57658761857	57.0	0.3725490196078432	9.0	0.75	2.0	0.07142857142857142	19.0	0.8260869565217391	105.0	0.5585106382978723	209.0	0.7359154929577465	119.0	0.5639810426540285	5.0	1.0	12.0	0.06976744186046513	258.0	0.7771084337349398	2.0	0.18181818181818185	34.0	0.3035714285714285	104.0	0.9454545454545454	19.0	0.5277777777777778	75.0	0.4746835443037974	17.0	0.6296296296296297	76.0	0.6229508196721312
DB_MAG_00078	R05	colonization	R05	DB_D_07	pill	0.7958296898199999	57.0	0.3725490196078432	9.0	0.75	2.0	0.07142857142857142	19.0	0.8260869565217391	105.0	0.5585106382978723	209.0	0.7359154929577465	119.0	0.5639810426540285	5.0	1.0	12.0	0.06976744186046513	258.0	0.7771084337349398	2.0	0.18181818181818185	34.0	0.3035714285714285	104.0	0.9454545454545454	19.0	0.5277777777777778	75.0	0.4746835443037974	17.0	0.6296296296296297	76.0	0.6229508196721312
DB_MAG_00082	R03	colonization	R03	DB_D_14	pill	7.8520106719500005	3.0	0.0196078431372549	0.0	0.0	0.0	0.0	0.0	0.0	1.0	0.0053191489361702135	5.0	0.017605633802816902	3.0	0.014218009478672985	0.0	0.0	0.0	0.0	4.0	0.012048192771084338	0.0	0.0	2.0	0.017857142857142856	0.0	0.0	7.0	0.19444444444444445	6.0	0.0379746835443038	0.0	0.0	4.0	0.032786885245901634
DB_MAG_00082	R05	colonization	R05	DB_D_07	pill	50.227527825900005	3.0	0.0196078431372549	0.0	0.0	0.0	0.0	0.0	0.0	1.0	0.0053191489361702135	5.0	0.017605633802816902	3.0	0.014218009478672985	0.0	0.0	0.0	0.0	4.0	0.012048192771084338	0.0	0.0	2.0	0.017857142857142856	0.0	0.0	7.0	0.19444444444444445	6.0	0.0379746835443038	0.0	0.0	4.0	0.032786885245901634
DB_MAG_00083	R04	colonization	R04	DB_D_13	pill	14.224221265399999	3.0	0.0196078431372549	0.0	0.0	0.0	0.0	0.0	0.0	2.0	0.010638297872340424	12.0	0.04225352112676056	9.0	0.04265402843601896	0.0	0.0	4.0	0.02325581395348837	17.0	0.05120481927710843	0.0	0.0	2.0	0.017857142857142856	0.0	0.0	4.0	0.1111111111111111	1.0	0.006329113924050633	0.0	0.0	0.0	0.0
DB_MAG_00085	R03	colonization	R03	DB_D_14	pill	112.141329981	7.0	0.0457516339869281	1.0	0.08333333333333333	0.0	0.0	0.0	0.0	6.0	0.031914893617021274	32.0	0.11267605633802814	23.0	0.10900473933649288	0.0	0.0	4.0	0.02325581395348837	52.0	0.1566265060240964	0.0	0.0	4.0	0.03571428571428571	1.0	0.00909090909090909	5.0	0.1388888888888889	3.0	0.0189873417721519	5.0	0.1851851851851852	3.0	0.024590163934426233
DB_MAG_00085	R05	colonization	R05	DB_D_07	pill	33.3412172878	7.0	0.0457516339869281	1.0	0.08333333333333333	0.0	0.0	0.0	0.0	6.0	0.031914893617021274	32.0	0.11267605633802814	23.0	0.10900473933649288	0.0	0.0	4.0	0.02325581395348837	52.0	0.1566265060240964	0.0	0.0	4.0	0.03571428571428571	1.0	0.00909090909090909	5.0	0.1388888888888889	3.0	0.0189873417721519	5.0	0.1851851851851852	3.0	0.024590163934426233
DB_MAG_00088	R05	colonization	R05	DB_D_07	pill	88.3687568652	21.0	0.13725490196078433	2.0	0.16666666666666666	0.0	0.0	3.0	0.13043478260869565	44.0	0.23404255319148934	59.0	0.20774647887323944	41.0	0.1943127962085308	1.0	0.2	13.0	0.0755813953488372	60.0	0.18072289156626506	2.0	0.18181818181818185	34.0	0.3035714285714285	9.0	0.08181818181818183	3.0	0.08333333333333333	9.0	0.0569620253164557	0.0	0.0	19.0	0.1557377049180328
DB_MAG_00089	R02	colonization	R02	DB_D_11	colonoscopy	1.82017727304	100.0	0.6535947712418301	9.0	0.75	0.0	0.0	5.0	0.21739130434782608	11.0	0.058510638297872335	110.0	0.3873239436619718	112.0	0.5308056872037915	2.0	0.4	0.0	0.0	193.0	0.5813253012048193	4.0	0.3636363636363637	20.0	0.17857142857142858	40.0	0.3636363636363637	7.0	0.19444444444444445	94.0	0.5949367088607594	5.0	0.1851851851851852	50.0	0.4098360655737705
DB_MAG_00089	R05	colonization	R05	DB_D_07	pill	6.66953860381	100.0	0.6535947712418301	9.0	0.75	0.0	0.0	5.0	0.21739130434782608	11.0	0.058510638297872335	110.0	0.3873239436619718	112.0	0.5308056872037915	2.0	0.4	0.0	0.0	193.0	0.5813253012048193	4.0	0.3636363636363637	20.0	0.17857142857142858	40.0	0.3636363636363637	7.0	0.19444444444444445	94.0	0.5949367088607594	5.0	0.1851851851851852	50.0	0.4098360655737705
DB_MAG_00091	R05	colonization	R05	DB_D_07	pill	10.013390990700001	5.0	0.032679738562091505	0.0	0.0	0.0	0.0	0.0	0.0	2.0	0.010638297872340424	7.0	0.02464788732394366	3.0	0.014218009478672985	0.0	0.0	0.0	0.0	21.0	0.06325301204819278	0.0	0.0	3.0	0.026785714285714284	0.0	0.0	1.0	0.027777777777777776	0.0	0.0	2.0	0.07407407407407407	1.0	0.008196721311475409
DB_MAG_00096	R01	colonization	R01	DB_D_08	colonoscopy	9.12778080135	41.0	0.2679738562091503	4.0	0.3333333333333333	0.0	0.0	2.0	0.08695652173913042	64.0	0.3404255319148936	29.0	0.10211267605633803	37.0	0.17535545023696686	1.0	0.2	0.0	0.0	86.0	0.25903614457831325	0.0	0.0	12.0	0.10714285714285714	7.0	0.06363636363636363	5.0	0.1388888888888889	38.0	0.2405063291139241	3.0	0.1111111111111111	11.0	0.09016393442622953
DB_MAG_00096	R02	colonization	R02	DB_D_11	colonoscopy	1.35972734257	41.0	0.2679738562091503	4.0	0.3333333333333333	0.0	0.0	2.0	0.08695652173913042	64.0	0.3404255319148936	29.0	0.10211267605633803	37.0	0.17535545023696686	1.0	0.2	0.0	0.0	86.0	0.25903614457831325	0.0	0.0	12.0	0.10714285714285714	7.0	0.06363636363636363	5.0	0.1388888888888889	38.0	0.2405063291139241	3.0	0.1111111111111111	11.0	0.09016393442622953
DB_MAG_00096	R05	colonization	R05	DB_D_07	pill	13.26986334	41.0	0.2679738562091503	4.0	0.3333333333333333	0.0	0.0	2.0	0.08695652173913042	64.0	0.3404255319148936	29.0	0.10211267605633803	37.0	0.17535545023696686	1.0	0.2	0.0	0.0	86.0	0.25903614457831325	0.0	0.0	12.0	0.10714285714285714	7.0	0.06363636363636363	5.0	0.1388888888888889	38.0	0.2405063291139241	3.0	0.1111111111111111	11.0	0.09016393442622953
DB_MAG_00100	R04	colonization	R04	DB_D_13	pill	7.40555044935	10.0	0.06535947712418301	0.0	0.0	0.0	0.0	5.0	0.21739130434782608	9.0	0.04787234042553192	43.0	0.15140845070422534	20.0	0.0947867298578199	1.0	0.2	11.0	0.06395348837209303	68.0	0.20481927710843373	1.0	0.09090909090909093	10.0	0.08928571428571429	6.0	0.054545454545454536	10.0	0.2777777777777778	7.0	0.04430379746835443	1.0	0.037037037037037035	7.0	0.05737704918032788
DB_MAG_00104	R04	colonization	R04	DB_D_13	pill	22.0059241996	10.0	0.06535947712418301	0.0	0.0	0.0	0.0	2.0	0.08695652173913042	0.0	0.0	31.0	0.10915492957746477	15.0	0.07109004739336493	0.0	0.0	0.0	0.0	14.0	0.042168674698795185	0.0	0.0	3.0	0.026785714285714284	1.0	0.00909090909090909	3.0	0.08333333333333333	9.0	0.0569620253164557	0.0	0.0	2.0	0.016393442622950817
DB_MAG_00104	R05	colonization	R05	DB_D_07	pill	9.48537721414	10.0	0.06535947712418301	0.0	0.0	0.0	0.0	2.0	0.08695652173913042	0.0	0.0	31.0	0.10915492957746477	15.0	0.07109004739336493	0.0	0.0	0.0	0.0	14.0	0.042168674698795185	0.0	0.0	3.0	0.026785714285714284	1.0	0.00909090909090909	3.0	0.08333333333333333	9.0	0.0569620253164557	0.0	0.0	2.0	0.016393442622950817
DB_MAG_00105	R05	colonization	R05	DB_D_07	pill	1.19146028705	16.0	0.1045751633986928	0.0	0.0	0.0	0.0	7.0	0.3043478260869565	3.0	0.015957446808510637	72.0	0.2535211267605634	34.0	0.16113744075829384	0.0	0.0	2.0	0.011627906976744186	57.0	0.1716867469879518	0.0	0.0	20.0	0.17857142857142858	0.0	0.0	15.0	0.4166666666666667	4.0	0.02531645569620253	4.0	0.14814814814814814	10.0	0.08196721311475409
DB_MAG_00109	R04	colonization	R04	DB_D_13	pill	18.3030577637	2.0	0.013071895424836602	0.0	0.0	0.0	0.0	0.0	0.0	0.0	0.0	12.0	0.04225352112676056	3.0	0.014218009478672985	0.0	0.0	0.0	0.0	0.0	0.0	0.0	0.0	0.0	0.0	0.0	0.0	0.0	0.0	0.0	0.0	0.0	0.0	0.0	0.0
DB_MAG_00109	R05	colonization	R05	DB_D_07	pill	14.35043511	2.0	0.013071895424836602	0.0	0.0	0.0	0.0	0.0	0.0	0.0	0.0	12.0	0.04225352112676056	3.0	0.014218009478672985	0.0	0.0	0.0	0.0	0.0	0.0	0.0	0.0	0.0	0.0	0.0	0.0	0.0	0.0	0.0	0.0	0.0	0.0	0.0	0.0
DB_MAG_00110	R05	colonization	R05	DB_D_07	pill	35.655592968	89.0	0.5816993464052288	11.0	0.9166666666666666	1.0	0.03571428571428571	20.0	0.8695652173913043	142.0	0.7553191489361702	223.0	0.7852112676056338	162.0	0.7677725118483413	3.0	0.6	50.0	0.2906976744186047	285.0	0.858433734939759	3.0	0.2727272727272727	77.0	0.6875	46.0	0.41818181818181815	21.0	0.5833333333333334	109.0	0.689873417721519	1.0	0.037037037037037035	88.0	0.7213114754098361
DB_MAG_00112	R01	colonization	R01	DB_D_08	colonoscopy	6.11802472601	88.0	0.5751633986928104	10.0	0.8333333333333334	4.0	0.14285714285714285	18.0	0.7826086956521741	103.0	0.5478723404255319	239.0	0.8415492957746479	169.0	0.8009478672985783	5.0	1.0	40.0	0.2325581395348837	267.0	0.8042168674698795	3.0	0.2727272727272727	51.0	0.4553571428571429	105.0	0.9545454545454546	33.0	0.9166666666666666	80.0	0.5063291139240507	22.0	0.8148148148148148	73.0	0.5983606557377049
DB_MAG_00112	R04	colonization	R04	DB_D_13	pill	10.339580102200001	88.0	0.5751633986928104	10.0	0.8333333333333334	4.0	0.14285714285714285	18.0	0.7826086956521741	103.0	0.5478723404255319	239.0	0.8415492957746479	169.0	0.8009478672985783	5.0	1.0	40.0	0.2325581395348837	267.0	0.8042168674698795	3.0	0.2727272727272727	51.0	0.4553571428571429	105.0	0.9545454545454546	33.0	0.9166666666666666	80.0	0.5063291139240507	22.0	0.8148148148148148	73.0	0.5983606557377049
DB_MAG_00112	R05	colonization	R05	DB_D_07	pill	5.81357942384	88.0	0.5751633986928104	10.0	0.8333333333333334	4.0	0.14285714285714285	18.0	0.7826086956521741	103.0	0.5478723404255319	239.0	0.8415492957746479	169.0	0.8009478672985783	5.0	1.0	40.0	0.2325581395348837	267.0	0.8042168674698795	3.0	0.2727272727272727	51.0	0.4553571428571429	105.0	0.9545454545454546	33.0	0.9166666666666666	80.0	0.5063291139240507	22.0	0.8148148148148148	73.0	0.5983606557377049
DB_MAG_00116	R02	colonization	R02	DB_D_11	colonoscopy	4.59394217703	120.0	0.7843137254901961	5.0	0.4166666666666667	6.0	0.21428571428571427	19.0	0.8260869565217391	43.0	0.22872340425531915	195.0	0.6866197183098591	163.0	0.7725118483412322	5.0	1.0	37.0	0.21511627906976746	288.0	0.8674698795180723	7.0	0.6363636363636364	99.0	0.8839285714285714	108.0	0.9818181818181818	33.0	0.9166666666666666	123.0	0.7784810126582279	8.0	0.2962962962962963	73.0	0.5983606557377049
DB_MAG_00116	R05	colonization	R05	DB_D_07	pill	17.1959396963	120.0	0.7843137254901961	5.0	0.4166666666666667	6.0	0.21428571428571427	19.0	0.8260869565217391	43.0	0.22872340425531915	195.0	0.6866197183098591	163.0	0.7725118483412322	5.0	1.0	37.0	0.21511627906976746	288.0	0.8674698795180723	7.0	0.6363636363636364	99.0	0.8839285714285714	108.0	0.9818181818181818	33.0	0.9166666666666666	123.0	0.7784810126582279	8.0	0.2962962962962963	73.0	0.5983606557377049
DB_MAG_00117	R03	colonization	R03	DB_D_14	pill	8.6391768027	7.0	0.0457516339869281	0.0	0.0	0.0	0.0	1.0	0.043478260869565216	6.0	0.031914893617021274	26.0	0.09154929577464788	13.0	0.061611374407582936	0.0	0.0	1.0	0.005813953488372093	22.0	0.06626506024096386	0.0	0.0	12.0	0.10714285714285714	3.0	0.027272727272727268	8.0	0.2222222222222222	8.0	0.05063291139240506	2.0	0.07407407407407407	6.0	0.049180327868852465
DB_MAG_00117	R05	colonization	R05	DB_D_07	pill	32.236256289699995	7.0	0.0457516339869281	0.0	0.0	0.0	0.0	1.0	0.043478260869565216	6.0	0.031914893617021274	26.0	0.09154929577464788	13.0	0.061611374407582936	0.0	0.0	1.0	0.005813953488372093	22.0	0.06626506024096386	0.0	0.0	12.0	0.10714285714285714	3.0	0.027272727272727268	8.0	0.2222222222222222	8.0	0.05063291139240506	2.0	0.07407407407407407	6.0	0.049180327868852465
DB_MAG_00119	R05	colonization	R05	DB_D_07	pill	11.8590437567	44.0	0.2875816993464052	1.0	0.08333333333333333	0.0	0.0	0.0	0.0	0.0	0.0	43.0	0.15140845070422534	61.0	0.2890995260663507	0.0	0.0	0.0	0.0	106.0	0.3192771084337349	0.0	0.0	5.0	0.04464285714285714	4.0	0.03636363636363636	3.0	0.08333333333333333	23.0	0.14556962025316456	1.0	0.037037037037037035	9.0	0.07377049180327869
DB_MAG_00120	R05	colonization	R05	DB_D_07	pill	7.96714789375	77.0	0.5032679738562091	9.0	0.75	0.0	0.0	19.0	0.8260869565217391	69.0	0.3670212765957447	221.0	0.7781690140845071	162.0	0.7677725118483413	0.0	0.0	4.0	0.02325581395348837	271.0	0.8162650602409639	2.0	0.18181818181818185	7.0	0.0625	25.0	0.2272727272727273	1.0	0.027777777777777776	112.0	0.7088607594936709	0.0	0.0	46.0	0.3770491803278688
DB_MAG_00122	R03	colonization	R03	DB_D_14	pill	182.75415218400002	29.0	0.1895424836601307	4.0	0.3333333333333333	0.0	0.0	4.0	0.17391304347826084	15.0	0.0797872340425532	60.0	0.2112676056338028	43.0	0.2037914691943128	0.0	0.0	6.0	0.034883720930232565	63.0	0.1897590361445783	2.0	0.18181818181818185	13.0	0.11607142857142858	4.0	0.03636363636363636	10.0	0.2777777777777778	17.0	0.10759493670886076	1.0	0.037037037037037035	7.0	0.05737704918032788
DB_MAG_00122	R05	colonization	R05	DB_D_07	pill	57.2046687563	29.0	0.1895424836601307	4.0	0.3333333333333333	0.0	0.0	4.0	0.17391304347826084	15.0	0.0797872340425532	60.0	0.2112676056338028	43.0	0.2037914691943128	0.0	0.0	6.0	0.034883720930232565	63.0	0.1897590361445783	2.0	0.18181818181818185	13.0	0.11607142857142858	4.0	0.03636363636363636	10.0	0.2777777777777778	17.0	0.10759493670886076	1.0	0.037037037037037035	7.0	0.05737704918032788
DB_MAG_00125	R05	colonization	R05	DB_D_07	pill	36.2600650954	56.0	0.3660130718954248	2.0	0.16666666666666666	0.0	0.0	9.0	0.39130434782608703	25.0	0.13297872340425532	165.0	0.5809859154929577	122.0	0.5781990521327014	5.0	1.0	12.0	0.06976744186046513	138.0	0.4156626506024096	0.0	0.0	31.0	0.2767857142857143	68.0	0.6181818181818182	29.0	0.8055555555555556	42.0	0.26582278481012656	11.0	0.4074074074074074	37.0	0.30327868852459017
DB_MAG_00129	R03	colonization	R03	DB_D_14	pill	22.642787778200002	35.0	0.2287581699346405	3.0	0.25	0.0	0.0	9.0	0.39130434782608703	26.0	0.13829787234042554	76.0	0.2676056338028169	56.0	0.2654028436018957	2.0	0.4	15.0	0.0872093023255814	91.0	0.2740963855421687	0.0	0.0	22.0	0.19642857142857145	11.0	0.1	16.0	0.4444444444444444	32.0	0.20253164556962025	0.0	0.0	22.0	0.18032786885245905
DB_MAG_00129	R04	colonization	R04	DB_D_13	pill	22.1668320777	35.0	0.2287581699346405	3.0	0.25	0.0	0.0	9.0	0.39130434782608703	26.0	0.13829787234042554	76.0	0.2676056338028169	56.0	0.2654028436018957	2.0	0.4	15.0	0.0872093023255814	91.0	0.2740963855421687	0.0	0.0	22.0	0.19642857142857145	11.0	0.1	16.0	0.4444444444444444	32.0	0.20253164556962025	0.0	0.0	22.0	0.18032786885245905
DB_MAG_00131	R04	colonization	R04	DB_D_13	pill	4.418876503469999	36.0	0.2352941176470588	5.0	0.4166666666666667	0.0	0.0	0.0	0.0	21.0	0.11170212765957446	8.0	0.028169014084507043	56.0	0.2654028436018957	3.0	0.6	0.0	0.0	77.0	0.2319277108433735	0.0	0.0	29.0	0.25892857142857145	0.0	0.0	2.0	0.05555555555555555	16.0	0.10126582278481013	0.0	0.0	4.0	0.032786885245901634
DB_MAG_00132	R05	colonization	R05	DB_D_07	pill	4.073166237980001	47.0	0.3071895424836601	8.0	0.6666666666666666	0.0	0.0	18.0	0.7826086956521741	86.0	0.4574468085106383	180.0	0.6338028169014085	102.0	0.4834123222748815	0.0	0.0	28.0	0.16279069767441862	176.0	0.5301204819277109	3.0	0.2727272727272727	56.0	0.5	48.0	0.4363636363636363	7.0	0.19444444444444445	66.0	0.4177215189873418	0.0	0.0	59.0	0.4836065573770492
DB_MAG_00133	R05	colonization	R05	DB_D_07	pill	12.553644578299998	61.0	0.3986928104575164	5.0	0.4166666666666667	1.0	0.03571428571428571	12.0	0.5217391304347826	34.0	0.18085106382978725	177.0	0.6232394366197183	123.0	0.5829383886255924	5.0	1.0	40.0	0.2325581395348837	175.0	0.5271084337349398	1.0	0.09090909090909093	44.0	0.3928571428571429	96.0	0.8727272727272727	33.0	0.9166666666666666	38.0	0.2405063291139241	12.0	0.4444444444444444	30.0	0.2459016393442623
DB_MAG_00135	R05	colonization	R05	DB_D_07	pill	4.85332413732	95.0	0.6209150326797386	10.0	0.8333333333333334	3.0	0.10714285714285714	20.0	0.8695652173913043	143.0	0.7606382978723404	236.0	0.8309859154929577	142.0	0.6729857819905213	5.0	1.0	40.0	0.2325581395348837	255.0	0.7680722891566265	5.0	0.4545454545454545	85.0	0.7589285714285714	95.0	0.8636363636363636	13.0	0.3611111111111111	105.0	0.6645569620253164	5.0	0.1851851851851852	85.0	0.6967213114754098
DB_MAG_00139	R03	colonization	R03	DB_D_14	pill	22.052578341599997	26.0	0.16993464052287582	3.0	0.25	0.0	0.0	5.0	0.21739130434782608	31.0	0.16489361702127658	92.0	0.323943661971831	35.0	0.16587677725118485	0.0	0.0	10.0	0.05813953488372092	114.0	0.3433734939759036	2.0	0.18181818181818185	17.0	0.15178571428571427	12.0	0.10909090909090907	11.0	0.3055555555555556	38.0	0.2405063291139241	0.0	0.0	24.0	0.19672131147540986
DB_MAG_00139	R05	colonization	R05	DB_D_07	pill	18.7477917824	26.0	0.16993464052287582	3.0	0.25	0.0	0.0	5.0	0.21739130434782608	31.0	0.16489361702127658	92.0	0.323943661971831	35.0	0.16587677725118485	0.0	0.0	10.0	0.05813953488372092	114.0	0.3433734939759036	2.0	0.18181818181818185	17.0	0.15178571428571427	12.0	0.10909090909090907	11.0	0.3055555555555556	38.0	0.2405063291139241	0.0	0.0	24.0	0.19672131147540986
DB_MAG_00145	R05	colonization	R05	DB_D_07	pill	14.5057281666	130.0	0.8496732026143791	10.0	0.8333333333333334	0.0	0.0	19.0	0.8260869565217391	106.0	0.5638297872340425	198.0	0.6971830985915493	154.0	0.7298578199052133	0.0	0.0	3.0	0.017441860465116282	271.0	0.8162650602409639	3.0	0.2727272727272727	10.0	0.08928571428571429	19.0	0.17272727272727273	6.0	0.16666666666666666	93.0	0.5886075949367089	0.0	0.0	89.0	0.7295081967213115
DB_MAG_00147	R05	colonization	R05	DB_D_07	pill	45.3674195927	106.0	0.6928104575163399	9.0	0.75	7.0	0.25	22.0	0.9565217391304348	125.0	0.6648936170212766	245.0	0.8626760563380281	150.0	0.7109004739336493	5.0	1.0	51.0	0.2965116279069768	283.0	0.8524096385542169	8.0	0.7272727272727273	85.0	0.7589285714285714	97.0	0.8818181818181818	19.0	0.5277777777777778	92.0	0.5822784810126582	5.0	0.1851851851851852	74.0	0.6065573770491803
DB_MAG_00148	R01	colonization	R01	DB_D_08	colonoscopy	5.881587466819999	138.0	0.9019607843137256	12.0	1.0	0.0	0.0	6.0	0.2608695652173913	98.0	0.5212765957446809	232.0	0.8169014084507042	196.0	0.9289099526066352	3.0	0.6	3.0	0.017441860465116282	312.0	0.9397590361445785	6.0	0.5454545454545454	50.0	0.44642857142857145	10.0	0.09090909090909093	20.0	0.5555555555555556	124.0	0.7848101265822784	2.0	0.07407407407407407	53.0	0.4344262295081967
DB_MAG_00148	R02	colonization	R02	DB_D_11	colonoscopy	3.7970860467	138.0	0.9019607843137256	12.0	1.0	0.0	0.0	6.0	0.2608695652173913	98.0	0.5212765957446809	232.0	0.8169014084507042	196.0	0.9289099526066352	3.0	0.6	3.0	0.017441860465116282	312.0	0.9397590361445785	6.0	0.5454545454545454	50.0	0.44642857142857145	10.0	0.09090909090909093	20.0	0.5555555555555556	124.0	0.7848101265822784	2.0	0.07407407407407407	53.0	0.4344262295081967
DB_MAG_00148	R05	colonization	R05	DB_D_07	pill	11.841636026	138.0	0.9019607843137256	12.0	1.0	0.0	0.0	6.0	0.2608695652173913	98.0	0.5212765957446809	232.0	0.8169014084507042	196.0	0.9289099526066352	3.0	0.6	3.0	0.017441860465116282	312.0	0.9397590361445785	6.0	0.5454545454545454	50.0	0.44642857142857145	10.0	0.09090909090909093	20.0	0.5555555555555556	124.0	0.7848101265822784	2.0	0.07407407407407407	53.0	0.4344262295081967
DB_MAG_00151	R01	colonization	R01	DB_D_08	colonoscopy	3.07619984426	76.0	0.4967320261437909	11.0	0.9166666666666666	0.0	0.0	21.0	0.9130434782608696	177.0	0.9414893617021276	242.0	0.852112676056338	171.0	0.8104265402843602	1.0	0.2	1.0	0.005813953488372093	319.0	0.960843373493976	3.0	0.2727272727272727	14.0	0.125	54.0	0.4909090909090909	5.0	0.1388888888888889	136.0	0.8607594936708861	0.0	0.0	93.0	0.7622950819672131
DB_MAG_00151	R02	colonization	R02	DB_D_11	colonoscopy	12.2317225921	76.0	0.4967320261437909	11.0	0.9166666666666666	0.0	0.0	21.0	0.9130434782608696	177.0	0.9414893617021276	242.0	0.852112676056338	171.0	0.8104265402843602	1.0	0.2	1.0	0.005813953488372093	319.0	0.960843373493976	3.0	0.2727272727272727	14.0	0.125	54.0	0.4909090909090909	5.0	0.1388888888888889	136.0	0.8607594936708861	0.0	0.0	93.0	0.7622950819672131
DB_MAG_00151	R04	colonization	R04	DB_D_13	pill	5.91414170832	76.0	0.4967320261437909	11.0	0.9166666666666666	0.0	0.0	21.0	0.9130434782608696	177.0	0.9414893617021276	242.0	0.852112676056338	171.0	0.8104265402843602	1.0	0.2	1.0	0.005813953488372093	319.0	0.960843373493976	3.0	0.2727272727272727	14.0	0.125	54.0	0.4909090909090909	5.0	0.1388888888888889	136.0	0.8607594936708861	0.0	0.0	93.0	0.7622950819672131
DB_MAG_00151	R05	colonization	R05	DB_D_07	pill	2.9284746717299996	76.0	0.4967320261437909	11.0	0.9166666666666666	0.0	0.0	21.0	0.9130434782608696	177.0	0.9414893617021276	242.0	0.852112676056338	171.0	0.8104265402843602	1.0	0.2	1.0	0.005813953488372093	319.0	0.960843373493976	3.0	0.2727272727272727	14.0	0.125	54.0	0.4909090909090909	5.0	0.1388888888888889	136.0	0.8607594936708861	0.0	0.0	93.0	0.7622950819672131
DB_MAG_00153	R01	colonization	R01	DB_D_08	colonoscopy	11.7458557405	74.0	0.4836601307189543	9.0	0.75	0.0	0.0	7.0	0.3043478260869565	79.0	0.4202127659574468	142.0	0.5	113.0	0.5355450236966824	1.0	0.2	0.0	0.0	212.0	0.6385542168674698	2.0	0.18181818181818185	11.0	0.09821428571428573	9.0	0.08181818181818183	0.0	0.0	81.0	0.5126582278481012	0.0	0.0	61.0	0.5
DB_MAG_00153	R05	colonization	R05	DB_D_07	pill	6.5392767442299995	74.0	0.4836601307189543	9.0	0.75	0.0	0.0	7.0	0.3043478260869565	79.0	0.4202127659574468	142.0	0.5	113.0	0.5355450236966824	1.0	0.2	0.0	0.0	212.0	0.6385542168674698	2.0	0.18181818181818185	11.0	0.09821428571428573	9.0	0.08181818181818183	0.0	0.0	81.0	0.5126582278481012	0.0	0.0	61.0	0.5
DB_MAG_00155	R05	colonization	R05	DB_D_07	pill	34.999268161799996	117.0	0.7647058823529411	7.0	0.5833333333333334	4.0	0.14285714285714285	18.0	0.7826086956521741	105.0	0.5585106382978723	246.0	0.8661971830985915	174.0	0.8246445497630331	5.0	1.0	10.0	0.05813953488372092	301.0	0.9066265060240964	5.0	0.4545454545454545	95.0	0.8482142857142857	101.0	0.9181818181818182	26.0	0.7222222222222222	83.0	0.5253164556962026	5.0	0.1851851851851852	88.0	0.7213114754098361
DB_MAG_00159	R03	colonization	R03	DB_D_14	pill	19.506038519300002	20.0	0.13071895424836602	0.0	0.0	0.0	0.0	4.0	0.17391304347826084	11.0	0.058510638297872335	41.0	0.1443661971830986	29.0	0.13744075829383887	0.0	0.0	0.0	0.0	60.0	0.18072289156626506	0.0	0.0	0.0	0.0	6.0	0.054545454545454536	1.0	0.027777777777777776	10.0	0.06329113924050632	0.0	0.0	7.0	0.05737704918032788
DB_MAG_00159	R05	colonization	R05	DB_D_07	pill	3.2480758044700004	20.0	0.13071895424836602	0.0	0.0	0.0	0.0	4.0	0.17391304347826084	11.0	0.058510638297872335	41.0	0.1443661971830986	29.0	0.13744075829383887	0.0	0.0	0.0	0.0	60.0	0.18072289156626506	0.0	0.0	0.0	0.0	6.0	0.054545454545454536	1.0	0.027777777777777776	10.0	0.06329113924050632	0.0	0.0	7.0	0.05737704918032788
DB_MAG_00162	R02	colonization	R02	DB_D_11	colonoscopy	15.3741269099	141.0	0.9215686274509804	12.0	1.0	0.0	0.0	17.0	0.7391304347826086	83.0	0.4414893617021277	218.0	0.7676056338028169	197.0	0.9336492890995258	2.0	0.4	0.0	0.0	298.0	0.8975903614457831	5.0	0.4545454545454545	58.0	0.5178571428571429	52.0	0.4727272727272727	11.0	0.3055555555555556	129.0	0.8164556962025317	4.0	0.14814814814814814	62.0	0.5081967213114754
DB_MAG_00162	R04	colonization	R04	DB_D_13	pill	20.464103251300003	141.0	0.9215686274509804	12.0	1.0	0.0	0.0	17.0	0.7391304347826086	83.0	0.4414893617021277	218.0	0.7676056338028169	197.0	0.9336492890995258	2.0	0.4	0.0	0.0	298.0	0.8975903614457831	5.0	0.4545454545454545	58.0	0.5178571428571429	52.0	0.4727272727272727	11.0	0.3055555555555556	129.0	0.8164556962025317	4.0	0.14814814814814814	62.0	0.5081967213114754
DB_MAG_00162	R05	colonization	R05	DB_D_07	pill	18.8011815901	141.0	0.9215686274509804	12.0	1.0	0.0	0.0	17.0	0.7391304347826086	83.0	0.4414893617021277	218.0	0.7676056338028169	197.0	0.9336492890995258	2.0	0.4	0.0	0.0	298.0	0.8975903614457831	5.0	0.4545454545454545	58.0	0.5178571428571429	52.0	0.4727272727272727	11.0	0.3055555555555556	129.0	0.8164556962025317	4.0	0.14814814814814814	62.0	0.5081967213114754
DB_MAG_00174	R05	colonization	R05	DB_D_07	pill	6.201764824990001	46.0	0.3006535947712418	3.0	0.25	3.0	0.10714285714285714	9.0	0.39130434782608703	100.0	0.5319148936170213	118.0	0.4154929577464789	103.0	0.4881516587677725	1.0	0.2	2.0	0.011627906976744186	57.0	0.1716867469879518	1.0	0.09090909090909093	12.0	0.10714285714285714	43.0	0.3909090909090909	2.0	0.05555555555555555	52.0	0.3291139240506329	1.0	0.037037037037037035	58.0	0.4754098360655738
DB_MAG_00175	R03	colonization	R03	DB_D_14	pill	1.9430970196000001	8.0	0.052287581699346414	0.0	0.0	0.0	0.0	0.0	0.0	2.0	0.010638297872340424	14.0	0.04929577464788732	5.0	0.02369668246445497	0.0	0.0	0.0	0.0	14.0	0.042168674698795185	0.0	0.0	0.0	0.0	2.0	0.01818181818181818	0.0	0.0	5.0	0.03164556962025317	0.0	0.0	2.0	0.016393442622950817
DB_MAG_00175	R05	colonization	R05	DB_D_07	pill	13.677125782100001	8.0	0.052287581699346414	0.0	0.0	0.0	0.0	0.0	0.0	2.0	0.010638297872340424	14.0	0.04929577464788732	5.0	0.02369668246445497	0.0	0.0	0.0	0.0	14.0	0.042168674698795185	0.0	0.0	0.0	0.0	2.0	0.01818181818181818	0.0	0.0	5.0	0.03164556962025317	0.0	0.0	2.0	0.016393442622950817
DB_MAG_00176	R02	colonization	R02	DB_D_11	colonoscopy	5.05497097919	125.0	0.8169934640522876	11.0	0.9166666666666666	3.0	0.10714285714285714	18.0	0.7826086956521741	99.0	0.526595744680851	212.0	0.7464788732394366	167.0	0.7914691943127962	4.0	0.8	27.0	0.1569767441860465	277.0	0.8343373493975904	5.0	0.4545454545454545	87.0	0.7767857142857143	95.0	0.8636363636363636	31.0	0.8611111111111112	103.0	0.6518987341772152	13.0	0.4814814814814815	87.0	0.7131147540983607
DB_MAG_00176	R05	colonization	R05	DB_D_07	pill	23.9642221208	125.0	0.8169934640522876	11.0	0.9166666666666666	3.0	0.10714285714285714	18.0	0.7826086956521741	99.0	0.526595744680851	212.0	0.7464788732394366	167.0	0.7914691943127962	4.0	0.8	27.0	0.1569767441860465	277.0	0.8343373493975904	5.0	0.4545454545454545	87.0	0.7767857142857143	95.0	0.8636363636363636	31.0	0.8611111111111112	103.0	0.6518987341772152	13.0	0.4814814814814815	87.0	0.7131147540983607
DB_MAG_00178	R05	colonization	R05	DB_D_07	pill	30.869119986199998	127.0	0.8300653594771242	12.0	1.0	0.0	0.0	23.0	1.0	183.0	0.9734042553191491	264.0	0.9295774647887324	203.0	0.962085308056872	0.0	0.0	4.0	0.02325581395348837	324.0	0.9759036144578314	7.0	0.6363636363636364	12.0	0.10714285714285714	75.0	0.6818181818181818	7.0	0.19444444444444445	143.0	0.9050632911392406	0.0	0.0	107.0	0.8770491803278688
DB_MAG_00180	R05	colonization	R05	DB_D_07	pill	6.88170489013	14.0	0.0915032679738562	5.0	0.4166666666666667	0.0	0.0	6.0	0.2608695652173913	42.0	0.22340425531914893	26.0	0.09154929577464788	33.0	0.15639810426540285	0.0	0.0	0.0	0.0	30.0	0.09036144578313253	0.0	0.0	2.0	0.017857142857142856	9.0	0.08181818181818183	1.0	0.027777777777777776	10.0	0.06329113924050632	0.0	0.0	24.0	0.19672131147540986
DB_MAG_00182	R03	colonization	R03	DB_D_14	pill	13.6705115619	18.0	0.1176470588235294	0.0	0.0	0.0	0.0	1.0	0.043478260869565216	0.0	0.0	71.0	0.25	32.0	0.15165876777251186	0.0	0.0	0.0	0.0	25.0	0.07530120481927711	2.0	0.18181818181818185	0.0	0.0	0.0	0.0	0.0	0.0	27.0	0.17088607594936708	0.0	0.0	9.0	0.07377049180327869
DB_MAG_00182	R05	colonization	R05	DB_D_07	pill	18.2677484574	18.0	0.1176470588235294	0.0	0.0	0.0	0.0	1.0	0.043478260869565216	0.0	0.0	71.0	0.25	32.0	0.15165876777251186	0.0	0.0	0.0	0.0	25.0	0.07530120481927711	2.0	0.18181818181818185	0.0	0.0	0.0	0.0	0.0	0.0	27.0	0.17088607594936708	0.0	0.0	9.0	0.07377049180327869
