gene_cluster_id	WO_assignmnet	pct_alignment	cov_in_003	cov_in_007	cov_in_011	cov_in_012
GC_00000001	WOPip1	99.8308	292.142949713	278.8739736035	438.057412722333	141.646721645067
GC_00000002	WOPip1	99.8855				
GC_00000003	WOPip1	99.8761	709.72681333425	628.11843941625	1261.49866029432	463.770814102825
GC_00000004	WOPip2	99.9831	293.0934284405	292.01863000825	590.103568904	206.31974780075
GC_00000005	WOPip1		395.405748663	355.5891902215	745.3106378915	248.0930258465
GC_00000006			258.4480680715	210.105256783	468.9943071705	150.1461058625
GC_00000007		38.5289	177.700485876275	179.2137872846	368.3048043785	129.04068234665
GC_00000008			96.469323213275	90.5922675522	193.55186590775	84.19663187855
GC_00000009	WOPip1	99.9295	424.62004662	398.405594406	908.107226107	282.895104895
GC_00000010		22.2944	159.644804793775	176.11177187325	273.500273464	112.942770477667
GC_00000011			225.752690422	244.848198573	471.335971987667	162.687675610667
GC_00000012	WOPip1	95.977	1039.549962921	862.496477567	1775.790507975	814.773359288
GC_00000013	WOPip1	99.8904	507.575734139667	482.993741871667	1040.484991505	398.882894950333
GC_00000014	WOPip4	99.9328	124.619265233	143.4063620075	285.439516129	109.7536738349
GC_00000015	WOPip1	99.8788	714.0546127935	648.0166105485	1600.50512907	609.646700337
GC_00000016	WOPip5	99.7268	442.734972678	426.12568306	802.721311475	310.756830601
GC_00000017	WOPip4	99.8978	268.2677769445	264.7108147735	641.819649656	207.1309664715
GC_00000018	WOPip4	99.8538	505.152685391967	638.537152008667	1442.48465139133	553.198915989333
GC_00000019						
GC_00000020	WOPip1	99.8004	684.9813806125	627.415566457	1579.113447805	598.094786331
GC_00000021	WOPip1	99.7849	307.589886039667	283.638817663667	619.110042735	239.1747863247
GC_00000022	WOPip1	99.8505	284.871449925	256.569506726	894.059790732	406.463378176
GC_00000023			245.821474616	224.2942178115	528.8888686175	182.1940896965
GC_00000024			272.153092006	234.3304282645	509.272853421	179.73128845
GC_00000025	WOPip5		376.133245079	416.807298262	770.352327232	278.2604466445
GC_00000026			270.014963097	252.321194055	496.972602822	179.3938920515
GC_00000027			209.839548319	194.4016981795	446.941964286	164.4586834735
GC_00000028			201.537516452	218.7742485355	419.680836553	153.9370013445
GC_00000029		18.75	212.177353896	218.1363636365	402.272862554	134.957251082
GC_00000030	WOPip1		391.547325103	370.983539095	729.679012346	283.691358025
GC_00000031			248.278873195	222.057051221	459.290059089	145.960596581
GC_00000032			246.1814574315	280.7085137085	499.932359307	173.9624819627
GC_00000033	WOPip1		188.006849315	199.767123288	474.525114155	137.214611872
GC_00000034	WOPip5	99.9175	716.148058251	675.1809373925	1421.255407095	549.6965498735
GC_00000035	WOPip5		391.7959626295	428.6313813815	812.928219884	273.793835502
GC_00000036			240.9169456245	214.1594563665	426.576446625	154.5448320775
GC_00000037			279.5672910325	250.430592045	515.467694886	177.447640829
GC_00000038	WOPip4	99.8932	625.889749265	611.384688738	1206.2742472795	441.0530592005
GC_00000039	WOPip4	99.7126	832.709576936	781.6717135115	1597.4635733605	602.7635226505
GC_00000040	WOPip4	99.5238	792.450000002	795.697619049	1503.7261904745	560.711904762
GC_00000041	WOPip4	99.9564	826.0134019755	766.1350546805	1224.793685862	605.738893543
GC_00000042			229.407089429	247.5952764695	489.0796243495	185.7846826185
GC_00000043		53.5519	257.690710383	255.207650273	529.930054645	199.46010929
GC_00000044	WOPip1	99.6078	559.482352941	559.62745098	1541.24705882	691.533333333
GC_00000045	WOPip4	99.9873	266.4121310735	269.894317036	558.345238005	183.757524274
GC_00000046	WOPip2	99.9139	337.0461322015	339.779676958	200.508837794955	63.08136678805
GC_00000047	WOPip1	99.9189	130.083333333	114.861111111	192	90.8888888889
GC_00000048	WOPip1	99.9045				
GC_00000049	WOPip1	99.9716	856.050797046	895.177679314	1428.12908412	547.5616687885
GC_00000050	WOPip5	99.9914	234.2259317755	236.045174074	436.359501877	157.2032684185
GC_00000051			202.4482825355	192.0152076745	222.635419263549	73.2164991625
GC_00000052	WOPip1		220.445075758	218.272727273	444.206439394	162.825757576
GC_00000053		66.1765	160.515151515	120.915151515	287.824242424	113.418181818
GC_00000054			265.3835970465	254.5305379745	514.7072521095	183.901292194
GC_00000055			270.7550089585	250.861290125	502.6757554835	175.707148016
GC_00000056	WOPip1	99.7312				
GC_00000057	WOPip1	99.9455				
GC_00000058	WOPip3	99.6169	88.5666666667	79.5333333333	166.341666667	53.0416666667
GC_00000059			293.369717474	267.250118708	373.4818573915	136.95487100345
GC_00000060			604.193939394	624.451515152	927.736363636	501.818181818
GC_00000061			231.9618097455	234.72854134	449.3733605715	168.4570288375
GC_00000062	WOPip4	99.9481	1485.32514081	1388.12852023	2994.93548387	975.359447005
GC_00000063			273.7912137335	242.902011276	488.9626377805	199.413752692
GC_00000064			245.617773943	235.895887259	476.851308599	185.157894737
GC_00000065	WOPip1	99.7849	455.666666667	436.519774011	1388.71751412	697.920903955
GC_00000066	WOPip1		241.064610866	233.864904552	460.441997063	154.938325991
GC_00000067			250.831597222	200.6542361115	498.0774305555	156.4322222225
GC_00000068	WOPip3		220.018684604	222.082959641	452.033632287	180.532137519
GC_00000069			220.659003831	251.026819923	462.398467433	164.296934866
GC_00000070			226.313339046	237.600971151	409.192230791	140.918023422
GC_00000071			276.270571827	241.032078103	515.694560669	192.005578801
GC_00000072			246.287581699	241.091503268	490.091503268	184.192156863
GC_00000073			250.067818298	236.484325016	497.82021753	156.561740243
GC_00000074			232.246603971	205.634273772	442.680250784	165.745036573
GC_00000075	WOPip4	99.9637	224.159593761	208.378309757	450.969894813	167.922742111
GC_00000076			319.701186624	298.073894283	593.275080906	251.543149946
GC_00000077			181.837301587	195.80952381	345.299603175	117.757936508
GC_00000078			247.772450533	256.03500761	511.885083714	164.52587519
GC_00000079			262.353505291	217.4913607805	451.339699074	174.2563657405
GC_00000080			262.696629213	241.739700375	506.332084894	157.75031211
GC_00000081			232.7797166295	221.6547522205	510.2324418685	184.146708698
GC_00000082			252.957650273	234.943306011	519.413251366	188.478825137
GC_00000083			217.02741433	191.546417445	448.037071651	160.892523364
GC_00000084		7.32436	232.701117318	231.03538175	480.491620112	165.635009311
GC_00000085			286.215628091	258.486646884	540.294757666	184.455984174
GC_00000086		3.36336	263.045714286	252.278095238	534.241587302	182.057142857
GC_00000087	WOPip2	99.8594	197.452991453	163.465811966	4.44871794872	2.33333333333
GC_00000088			227.9332294985	236.8074426585	475.339429013	163.968313549
GC_00000089			239.484756703	231.3013626835	454.1671852585	172.8449795875
GC_00000090			278.65967366	242.46037296	523.424242424	202.701631702
GC_00000091			241.675937632	222.592498946	477.237673831	152.808259587
GC_00000092			279.680776014	239.721340388	476.546737213	166.666666667
GC_00000093			271.696443342	263.417976289	509.810311552	180.737524125
GC_00000094			246.988329686	229.602479942	509.319474836	177.095550693
GC_00000095	WOPip4	99.9195	299.992025518	240.410685805	849.940988836	321.818181818
GC_00000096	WOPip1	99.7024	278.33604336	219	1245.62872629	328.119241192
GC_00000097	WOPip2	99.8728	223.956862745	162.258823529	1590.64313725	635.764705882
GC_00000098	WOPip4	99.6124	795.8100775185	816.6976744205	654.281007752	575.6763565895
GC_00000099	WOPip4	99.8028	433.7208333335	437.0625	579.2041666665	251.620833333
GC_00000100			258.582278481	234.818565401	493.025316456	190.210970464
GC_00000101			292.135135135	225.953153153	515.610810811	182.228828829
GC_00000102			231.340996169	214.38697318	508.58045977	178.212643678
GC_00000103			217.647249191	238.294498382	558.229773463	170.297734628
GC_00000104			245.239583333	206	461.329861111	155.729166667
GC_00000105			233.468992248	267.759689922	538.135658915	155.581395349
GC_00000106			257.73433584	225.899749373	536.187969925	171.731829574
GC_00000107			276.990358127	224.212809917	526.018595041	211.326446281
GC_00000108	WOPip5	99.9729	248.691347979	247.458909683	453.819907784	161.136425278
GC_00000109			279.53968254	252.779220779	520.914862915	192.585137085
GC_00000110			213.453869048	205.421875	493.144345238	167.041666667
GC_00000111			242.927437642	233.394557823	490.619047619	159.861678005
GC_00000112			276.537453184	245.034456929	490.20411985	193.445318352
GC_00000113			265.968509985	244.483102919	550.892473118	188.88172043
GC_00000114			226.013071895	255.140056022	473.977591036	172.9589169
GC_00000115			235.263636364	238.657575758	443.187878788	165.524242424
GC_00000116			227.424657534	203.570776256	451.639269406	167.529680365
GC_00000117			287.756410256	296.442307692	472.868589744	177.349358974
GC_00000118			261.978835979	245.746031746	504.121693122	196.256613757
GC_00000119			282.657181572	264.798102981	504.077235772	201.662601626
GC_00000120			283.904761905	262.923809524	493.404761905	216.638095238
GC_00000121			237.495098039	261.573529412	509.264705882	152.431372549
GC_00000122			248.152361255	239.186487418	505.65494657	179.880386074
GC_00000123			259.735646958	230.522707798	507.658097686	179.183804627
GC_00000124			211.856630824	196.792114695	418.370967742	134.697132616
GC_00000125			253.338945006	240.28956229	504.781144781	185.815937149
GC_00000126			262.972435897	236.771153846	522.893589744	179.426282051
GC_00000127			220.703225806	186.924731183	415.355913978	142.995698925
GC_00000128			195.252604167	234.661458333	490.625	200.903645833
GC_00000129			240.004287245	227.330117899	459.431939979	166.747052519
GC_00000130			305.703910615	279.366852886	513.08566108	197.703910615
GC_00000131			288.921875	247.789930556	537.465277778	178.234375
GC_00000132			248.08801956	211.378973105	498.332518337	198.291768541
GC_00000133			242.502688172	227.427419355	491.760752688	165.688172043
GC_00000134			249.162601626	238.439763489	483.32594235	193.908351811
GC_00000135			271.932140194	242.023117077	493.093214019	187.312453393
GC_00000136			272.853523357	234.826603325	534.243072051	208.898653998
GC_00000137			238.813559322	245.084745763	493.203389831	165.429378531
GC_00000138			221.492248062	226.726356589	512.106976744	172.547286822
GC_00000139			207.177718833	195.721485411	413.722369584	148.618037135
GC_00000140			240.350649351	264.623376623	530.20995671	198.837662338
GC_00000141			257.194225722	255.230971129	533.049868766	200.317585302
GC_00000142			193.735849057	266.582809224	450.566037736	205.932914046
GC_00000143	WOPip1	99.8073	279.853564547	248.061657033	504.055876686	161.273603083
GC_00000144			268.569390402	242.845654994	476.675745785	185.278858625
GC_00000145			243.642701525	214.507625272	535.978213508	154.263616558
GC_00000146			284.747360483	300.843891403	591.839366516	199.292609351
GC_00000147			229.018237082	226.813576494	457.17325228	153.693009119
GC_00000148			269.971354167	262.061197917	525.596354167	179.10546875
GC_00000149			294.916859122	238.741339492	525.434949962	191.906851424
GC_00000150			282.299054374	256.050827423	514.378250591	185.706855792
GC_00000151			219.448275862	231.566091954	457.396551724	157.824712644
GC_00000152			279.956349206	221.813492063	536.816137566	213.765873016
GC_00000153			243.148837209	210.068217054	482.246511628	181.634108527
GC_00000154			246.585921325	248.612836439	530.968944099	164.730848861
GC_00000155			258.59330915	248.271664651	512.453043128	179.514308746
GC_00000156			239.447441661	215.909441233	450.308499251	181.428816099
GC_00000157			193.649890591	225.538293217	428.258205689	145.725018235
GC_00000158			272.119823789	255.399412628	515.336270191	181.88928047
GC_00000159			218.281763827	211.443946188	443.094917788	169.852765321
GC_00000160			248.798245614	257.599681021	526.6523126	212.63476874
GC_00000161			216.760979122	200.200143988	451.853851692	159.731461483
GC_00000162	WOPip5	99.912	1153.94283201	1095.79683377	1613.73350923	564.558487247
GC_00000163			241.914653784	227.50805153	432.238325282	152.665056361
GC_00000164			242.642739274	238.477722772	468.482673267	176.401815182
GC_00000165			210.972151899	219.494514768	458.95443038	176.324894515
GC_00000166			241.637439109	222.352818372	488.022964509	167.496868476
GC_00000167			202.542288557	236.288557214	455.626865672	209.825870647
GC_00000168			268.935555556	264.773333333	476.451111111	174.231111111
GC_00000169			219.689497717	228.529680365	527.753424658	199.826484018
GC_00000170			243.755630631	227.180930931	482.657282282	188.288288288
GC_00000171			225.379487179	221.943589744	519.020512821	182.415384615
GC_00000172			216.341772152	190.651898734	438.246835443	165.32278481
GC_00000173			225.831140351	189.968201754	431.427631579	170.618421053
GC_00000174			256.838541667	272.994791667	531.366071429	167.552083333
GC_00000175			252.679633867	228.49122807	493.535469108	178.234172387
GC_00000176			217.954180985	205.095074456	463.042382589	166.276059565
GC_00000177			264.550884956	218.182153392	490.502949853	192.632743363
GC_00000178			288.134640523	280.977777778	518.74248366	217.339869281
GC_00000179			186.085034014	189.613945578	442.37244898	119.578231293
GC_00000180			282.443914081	284.583929992	534.120127287	191.757358791
GC_00000181			257.033333333	253.645833333	486.25625	167.489583333
GC_00000182			259.446441948	238.915355805	496.095131086	174.498127341
GC_00000183			240.974358974	201.566433566	451.023310023	129.976689977
GC_00000184			231.753180662	246.797285835	543.857506361	182.80322307
GC_00000185			208.410928962	211.781420765	417.765027322	129.853551913
GC_00000186			230.014571949	242.983606557	516.520947177	162.389799636
GC_00000187			234.76652602	244.556962025	477.863572433	163.337552743
GC_00000188			214.737732657	210.781725888	425.912013536	154.333333333
GC_00000189			234.993421053	251.1875	447.248903509	179.527412281
GC_00000190			247.708920188	230.633802817	541.819248826	166.112676056
GC_00000191			256.210834553	235.736456808	467.360175695	182.645192777
GC_00000192			265.044096728	235.216690375	501.955903272	194.631104789
GC_00000193			225.591503268	209.533660131	464.469607843	172.189869281
GC_00000194			229.632124352	215.747841105	444.22193437	167.278929188
GC_00000195			260.992957746	237.561032864	508.732394366	223.093896714
GC_00000196			265.086060606	243.494545455	545.214545455	222.256969697
GC_00000197			306.724465558	249.750593824	510.959619952	198.604908947
GC_00000198			258.087619048	210.398095238	427.173333333	132.472380952
GC_00000199			174.413919414	178.379120879	397.915750916	136.673992674
GC_00000200			281.163522013	246.650943396	469.952830189	143.245283019
GC_00000201			293.705014749	272.902654867	546.261061947	207.255162242
GC_00000202			234.383282365	216.583078491	447.928644241	180.366972477
GC_00000203			249.428935628	236.65583174	463.2791587	168.063097514
GC_00000204			224.336065574	229.56010929	536.584699454	204.819672131
GC_00000205			207.736017897	208.868008949	459.539149888	148.078299776
GC_00000206			201.96347032	226.652968037	437.00913242	151.746575342
GC_00000207			235.156140351	230.930994152	431.115789474	161.470760234
GC_00000208			224.021592443	232.721997301	466.025641026	168.708502024
GC_00000209			188.039617486	205.698087432	424.117486339	158.889344262
GC_00000210			192.646356033	213.311827957	443.395459976	159.481481481
GC_00000211			227.495192308	172.633012821	445.100961538	164.458333333
GC_00000212			258.355727821	265.001722653	484.381567614	198.236864772
GC_00000213			261.775	241.291666667	496.664583333	156.75
GC_00000214			242.142276423	235.607317073	477.97804878	152.963414634
GC_00000215			223.157706093	222.623655914	460.302867384	163.155913978
GC_00000216			209.952861953	218.703703704	444.132996633	141.912457912
GC_00000217			284.085889571	241.597137014	502.066462168	184.098159509
GC_00000218			224.994444444	213.636507937	395.601587302	169.565079365
GC_00000219			254.013941698	270.788973384	495.339036755	186.878326996
GC_00000220			232.594871795	219	438.328205128	151.476923077
GC_00000221			236.271186441	242.73559322	479.395480226	193.406779661
GC_00000222			281.848484848	244.37979798	567.202020202	169.61010101
GC_00000223			223.580645161	205.985407066	450.235791091	162.398617512
GC_00000224			270.665300546	226.345628415	480.592896175	150.825136612
GC_00000225			242.885281385	221.356060606	409.163419913	143.281385281
GC_00000226			232.904330312	186.324269889	446.244712991	193.565961732
GC_00000227			201.91607565	206.174940898	486.541371158	192.608747045
GC_00000228			208.536407767	210.564724919	484.144012945	162.508090615
GC_00000229			258.814595661	229.24852071	561.222879684	170.106508876
GC_00000230			280.592696629	253.906367041	532.710674157	184.764044944
GC_00000231			212.576576577	230.599099099	446.927927928	188.306306306
GC_00000232			272.240601504	225.874686717	515.295739348	219.844611529
GC_00000233			268.154626109	290.954372624	514.556400507	189.577946768
GC_00000234			257.717948718	212.782051282	453.397435897	166.641025641
GC_00000235			256.11352657	246.560386473	551.439613527	175.882850242
GC_00000236			276.771878073	259.756145526	575.063913471	187.474926254
GC_00000237			265.965387509	242.691497366	514.614747931	166.683972912
GC_00000238			247.285460993	267.441489362	494.054964539	171.725177305
GC_00000239			213.038647343	239.009661836	486.47826087	175.821256039
GC_00000240			237.169650469	230.727195226	511.979539642	192.227621483
GC_00000241			241.994100295	264.401179941	510.398230088	162.168141593
GC_00000242			219.602150538	230.207885305	496.017921147	209.039426523
GC_00000243			223.298136646	220.511387164	483.227743271	152.370600414
GC_00000244			241.06614786	257.559014267	504.214007782	194.793774319
GC_00000245			224.546666667	247.36	529.36	215.573333333
GC_00000246			186.778830964	212.936808847	370.453396524	168.266982622
GC_00000247	WOPip4	99.902	264.288235294	230.100980392	461.150980392	157.53627451
GC_00000248			238.569047619	219.238095238	478.821428571	160.007142857
GC_00000249			261.297935103	225.036873156	475.252212389	184.862831858
GC_00000250			259.333333333	277.980392157	493.258578431	218.786764706
GC_00000251			198.61722488	214.765550239	442.051036683	155.114832536
GC_00000252			235.933333333	238.76	470.776666667	184.74
GC_00000253			252.844677138	247.146596859	540.87609075	187.02443281
GC_00000254			265.576779026	252.189138577	483.779026217	176.920411985
GC_00000255			248.67816092	251.308702791	495.998357964	187.279146141
GC_00000256			262.76056338	246.6842723	507.146713615	168.166666667
GC_00000257			236.678571429	223.698412698	431.53968254	145.111111111
GC_00000258			214.088709677	210.470430108	428.387768817	157.036290323
GC_00000259			233.444444444	264.753387534	545.303523035	187.739837398
GC_00000260			297.671580672	266.233415233	541.411138411	195.288288288
GC_00000261			200.853157122	196.437591777	452.66226138	172.765051395
GC_00000262			247.549118388	232.169605374	503.505457599	181.878253568
GC_00000263			243.021052632	184.743859649	459.484210526	155.147368421
GC_00000264			227.522497704	218.277318641	485.859504132	174.368227732
GC_00000265			257.362007168	247.745519713	532.616487455	185.989247312
GC_00000266			270.356807512	272.197183099	470.018779343	201.41314554
GC_00000267			277.3003663	285.644688645	561.26007326	188.10989011
GC_00000268			278.605870021	240.65408805	542.397274633	164.722222222
GC_00000269			221.061253561	224.522792023	506.495726496	191.789173789
GC_00000270			289.466666667	260.566666667	527.419444444	226.166666667
GC_00000271			233.59047619	278.097142857	577.84	179.977142857
GC_00000272			273.913857678	252.520599251	517.491573034	220.827715356
GC_00000273			257.246153846	270.547863248	519.364102564	187.433333333
GC_00000274			268.362235067	227.06743738	536.447976879	208.704238921
GC_00000275			247.086734694	266.69047619	501.585034014	188.734693878
GC_00000276			209.947772657	220.725038402	520.210445469	157.826420891
GC_00000277			228.500610501	222.934065934	493.48962149	180.597069597
GC_00000278			229.13379737	218.420726991	446.078886311	167.973704563
GC_00000279			259.646666667	222.1	454.45	191.408333333
GC_00000280			255.28452579	229.574043261	448.665557404	153.876317249
GC_00000281			237.796116505	243.03236246	549.974110032	185.96763754
GC_00000282	WOPip5	99.2063	548.80952381	582.753968254	1076.79365079	373.912698413
GC_00000283			229.354564756	210.430997877	437.840764331	162.1507431
GC_00000284			199.242424242	213.842424242	437.195151515	168.446060606
GC_00000285			218.048087432	221.154098361	461.709289617	175.416393443
GC_00000286			278.797138047	254.828282828	545.28030303	197.582491582
GC_00000287			265.573198198	267.968468468	508.993243243	193.948198198
GC_00000288			247.072327044	244.100628931	504.830188679	195.490566038
GC_00000289			261.569238378	248.169139466	497.270029674	179.260633037
GC_00000290			204.645589383	192.725214676	466.996096799	170.608899297
GC_00000291			269.333333333	255.507590759	535.749174917	201.400660066
GC_00000292			305.559006211	228.606625259	521.900621118	187.677018634
GC_00000293			219.743416102	214.177577126	474.593679458	164.613995485
GC_00000294			204.959866221	233.168338907	459.20735786	157.41025641
GC_00000295			233.318699187	193.653658537	476.421138211	151.507317073
GC_00000296			282.200803213	219.389558233	561.333333333	189.799196787
GC_00000297			253.022624434	224.297888386	452.954751131	152.400452489
GC_00000298			276.923390383	232.749796251	477.669111654	170.788101059
GC_00000299			206.794326241	226.829787234	549.929078014	167.808510638
GC_00000300			278.491392801	265.893583725	510.576682316	190.858372457
GC_00000301			252.012048193	219.424698795	445.522088353	168.919678715
GC_00000302			309.281746032	204.496031746	464.599206349	166.297619048
GC_00000303			244.751111111	233.561666667	522.685555556	187.24
GC_00000304			217.271853987	198.90778098	446.95581172	182.950048031
GC_00000305			195.946405229	199.367320261	462.414379085	158.090196078
GC_00000306			253.987878788	234.913939394	504.426666667	196.850909091
GC_00000307			249.514592934	239.234254992	493.986175115	163.536866359
GC_00000308			240.34137931	195.7	458.66091954	152.402298851
GC_00000309			218.042780749	231.317290553	470.128342246	178.572192513
GC_00000310			203.836601307	224.199346405	422.343137255	166.078431373
GC_00000311		30.5936	209.063926941	178.570776256	427.99086758	113.863013699
GC_00000312			247.373737374	238.961279461	516.954545455	180.552188552
GC_00000313			284.51558753	238.347721823	469.846522782	158.163069544
GC_00000314			266.018518519	277.907407407	485.03968254	189.830687831
GC_00000315			267.528899446	244.036421219	499.850356295	185.854315123
GC_00000316			294.598141696	241.716608595	542.319396051	210.759581882
GC_00000317			263.222459133	227.848614072	497.945984364	178.169154229
GC_00000318			244.666666667	206.896226415	481.088050314	182.833333333
GC_00000319			191.065176909	211.588454376	473.834264432	140.415270019
GC_00000320			183.807189542	255.437908497	580.800653595	166.781045752
GC_00000321			239.929292929	219.38989899	515.951515152	167.185858586
GC_00000322			238.276507277	220.861399861	441.795564796	174.680526681
GC_00000323			218.272667971	205.41161122	450.346379648	167.993476843
GC_00000324			275.448680352	270.133919844	521.327468231	188.717497556
GC_00000325			224.271929825	240.171052632	479.964912281	192.635964912
GC_00000326			240.833333333	231.07127193	474.770833333	186.494517544
GC_00000327			203.093240093	207.023310023	434.673659674	157.004662005
GC_00000328			256.012314225	237.394904459	508.130785563	184.345647558
GC_00000329			270.898907104	227.158469945	495.5	191.948087432
GC_00000330			241.074592075	242.498834499	501.762237762	164.473193473
GC_00000331			238.338416848	229.926652142	471.47567175	163.025417574
GC_00000332			255.190883191	196.626780627	456.062678063	160.273504274
GC_00000333			262.978805395	226.134874759	525.165703276	172.607899807
GC_00000334			213.492424242	197.488636364	439.272727273	144.40530303
GC_00000335			241.420612813	242.571030641	514.722376973	209.660167131
GC_00000336	WOPip4	99.9014	213.067061144	203.099605523	447.111439842	149.220907298
GC_00000337			253.237547893	232.58045977	518.08908046	163.855363985
GC_00000338			229.494535519	240.961748634	470.021857923	185.442622951
GC_00000339			251.618376068	242.387606838	486.670940171	182.360683761
GC_00000340			231.759649123	221.349122807	502.335526316	165.997807018
GC_00000341			262.188665175	232.65398956	434.929157345	148.703206562
GC_00000342			260.824289406	248.720930233	497.427648579	207.124031008
GC_00000343			225.074712644	233.287356322	428.183908046	178.091954023
GC_00000344			263.450034941	241.559049616	507.881201957	176.176100629
GC_00000345			275.340740741	257.38600823	524.44691358	211.144855967
GC_00000346			261.747196738	272.298674822	502.632008155	194.601427115
GC_00000347			264.476430976	280.747474747	554.193602694	211.594276094
GC_00000348			258.331677704	244.256622517	519.965231788	171.187637969
GC_00000349			236.882700422	208.911392405	450.378902954	162.633755274
GC_00000350			257.915406162	238.206722689	511.250980392	184.341176471
GC_00000351			200.776902887	194.128608924	418.795275591	164.472440945
GC_00000352			259.43654321	244.371851852	492.409382716	184.045925926
GC_00000353			247.400738689	235.343490305	506.396121884	183.530932595
GC_00000354			220.918996416	216.295340502	390.503942652	146.020071685
GC_00000355			255.003766478	194.783427495	449.589453861	192.630885122
GC_00000356			275.935483871	243.533333333	539.756989247	188.929032258
GC_00000357			278.700628931	268.503144654	543.522012579	165.286792453
GC_00000358			265.70030581	244.856269113	481.709480122	185.570336391
GC_00000359			205.113095238	200.833333333	420.458333333	134.035714286
GC_00000360			206.454545455	208.967424242	464.659848485	161.3
GC_00000361			223.87780188	226.346348518	438.739696312	157.557483731
GC_00000362			249.941176471	210.730392157	506.014705882	180.629901961
GC_00000363			248.495297806	256.792058516	500.941483804	179.75862069
GC_00000364			238.66894198	226.704209329	496.176336746	173.634812287
GC_00000365			214.626921039	222.127715951	459.196078431	159.016428193
GC_00000366			254.836781609	220.503448276	485.993678161	192.794252874
GC_00000367			245.04	224.122666667	514.416	188.616
GC_00000368			207.321543408	194.035369775	445.581636299	165.324044302
GC_00000369			179.905263158	191.778947368	406.863157895	145.992982456
GC_00000370			259.831346578	244.286975717	532.049448124	181.443708609
GC_00000371			221.331081081	223.585585586	440.826576577	136.295045045
GC_00000372			282.506908463	249.23402418	534.532815199	187.046632124
GC_00000373			289.59832636	258.887029289	531.287308229	187.218967922
GC_00000374			234.886120996	210.886120996	461.896797153	171.584816133
GC_00000375			210.092063492	225.749206349	459.984126984	142.044444444
GC_00000376			263.544802867	217.885304659	490.64874552	173.956989247
GC_00000377			316.733990148	238.830870279	561.553366174	226.566502463
GC_00000378			205.66	241.958333333	488.318333333	136.65
GC_00000379			219.730639731	162.32996633	394.178451178	147.885521886
GC_00000380			186.837009804	190.278186275	392.640931373	131.987745098
GC_00000381			274.325814536	252.22556391	478.456140351	198.551378446
GC_00000382			282.754385965	249.122807018	490.424561404	162.736842105
GC_00000383			245.401408451	247.82629108	506.018779343	179.73943662
GC_00000384			220.995633188	184.68558952	469.38573508	134.301310044
GC_00000385			254.110655738	259.831967213	500.979508197	165.478142077
GC_00000386			233.395953757	247.409922929	499.176300578	166.342485549
GC_00000387			255.568181818	233.984848485	420.378787879	123.098484848
GC_00000388			206.453586498	214.341772152	447.588607595	152.738396624
GC_00000389			217.136446886	227.381868132	429.468864469	178.311355311
GC_00000390			231.171717172	234.097643098	509.777777778	219.696969697
GC_00000391			240.603703704	242.962962963	559.188888889	215.222222222
GC_00000392			258.57183908	253.761494253	484.83045977	169.439655172
GC_00000393			213.713796058	197.075407027	490.598971722	147.084832905
GC_00000394			211.480555556	209.830555556	445.858333333	139.391666667
GC_00000395			255.644927536	250.863224638	517.585144928	191.998188406
GC_00000396			222.370946822	236.805447471	447.591439689	164.998702983
GC_00000397		1.65563	258.768763797	222.404525386	519.807395143	198.529801325
GC_00000398			219.688766114	209.164825046	448.016574586	165.885819521
GC_00000399			281.924034054	256.804846103	510.421087099	190.561231172
GC_00000400			250.693227092	244.855245684	536.767596282	179.002656042
GC_00000401			278.117216117	265.362637363	521.604395604	185.575091575
GC_00000402			225.98490566	228.134591195	482.950943396	175.291823899
GC_00000403			234.6	252.253333333	539.551111111	204.604444444
GC_00000404			224.284987277	238.735368957	507.781170483	141.921119593
GC_00000405	WOPip4	99.7567	221.447688564	214.238442822	425.296836983	174.489051095
GC_00000406			257.031616983	223.391147245	523.294489612	194.850045167
GC_00000407			223.517730496	219.988179669	408.789598109	138.475177305
GC_00000408			214.486338798	194.524590164	441.765027322	120.994535519
GC_00000409			226.183135705	181.511198946	466.441370224	172.644268775
GC_00000410			268.614583333	264.108333333	515.222916667	177.366666667
GC_00000411			243.269794721	240.995112414	478.711632454	166.084066471
GC_00000412			244.587828492	255.354771784	528.033886584	174.576071923
GC_00000413			234.11366539	213.259259259	488.203065134	181.251596424
GC_00000414			262.841458059	260.569609135	534.170838823	192.166007905
GC_00000415			237.057884232	223.78243513	517.872255489	186.632734531
GC_00000416			243.925	246.40952381	497.851190476	172.076190476
GC_00000417			268.196078431	244.297385621	492.825163399	180.235294118
GC_00000418			222.148448043	212.580296896	462.043184885	162.44534413
GC_00000419			215.585434174	215.599439776	523.240896359	158.31092437
GC_00000420			206.200542005	220.59530262	420.707317073	149.054200542
GC_00000421			272.933558559	252.551801802	526.369369369	200.662162162
GC_00000422			230.518867925	267.066037736	472.981132075	180.360062893
GC_00000423			231.546080965	233.2833764	419.854435831	160.919035314
GC_00000424			282.992784993	269.854256854	508.323232323	222.929292929
GC_00000425			216.140921409	245.452574526	465.284552846	188.338753388
GC_00000426	WOPip2	99.9253	239.120328849	232.173393124	500.39387145	164.550822123
GC_00000427			219.407604833	210.669509595	463.806680881	159.598791756
GC_00000428			242.390804598	226.337164751	495.148148148	177.745849298
GC_00000429			222.202408702	218.425407925	448.944055944	147.601398601
GC_00000430			242.820276498	240.903993856	515.097542243	182.761136713
GC_00000431			238.767337808	256.859060403	544.870246085	185.648769575
GC_00000432			275.85	281.566666667	548.763333333	199.183333333
GC_00000433			244.860465116	196.891472868	557.294573643	125.565891473
GC_00000434			270.90960452	254.058757062	516.117514124	172.110734463
GC_00000435			223.838709677	228.620071685	444.455197133	161.120071685
GC_00000436			237.603603604	223.195945946	514.281531532	168.004504505
GC_00000437			240.727802038	273.723435226	544.854439592	195.202328967
GC_00000438			213.60209713	192.875827815	437.174392936	170.353200883
GC_00000439			229.125429553	221.932989691	402.2104811	162.652061856
GC_00000440			215.804400978	215.199674002	436.991850041	160.915240424
GC_00000441			220.467510549	236.83628692	517.95443038	176.086075949
GC_00000442			270.482962963	234.121481481	538.28	193.688888889
GC_00000443			252.476885645	240.620437956	498.121654501	192.618004866
GC_00000444			270.706896552	271.986590038	448.35440613	179.630268199
GC_00000445			224.877192982	284.754385965	510.85380117	158.49122807
GC_00000446			254.609848485	262.949494949	491.483585859	172.65530303
GC_00000447			203.488505747	227.166666667	544.936781609	162.086206897
GC_00000448			194.845474614	229.626931567	459.918322296	154.767108168
GC_00000449			245.814225053	245.479830149	566.006369427	189.93418259
GC_00000450			236.92202729	224.518518519	483.426900585	200.1208577
GC_00000451			264.331569665	254.791887125	459.522045855	189.026455026
GC_00000452			262.88358459	246.272194305	505.50921273	212.930485762
GC_00000453			221.864978903	220.039029536	516.632911392	154.036919831
GC_00000454			227.897435897	217.523076923	483.451282051	158.087179487
GC_00000455			286.518392756	249.177136389	533.375778155	208.288624788
GC_00000456			248.693877551	244.399659864	523.12670068	190.370748299
GC_00000457			230.961382114	252.239837398	512.43699187	162.823170732
GC_00000458			255.992665037	234.512632437	457.697636512	163.591687042
GC_00000459			207.584745763	197.991525424	481.652542373	145.011299435
GC_00000460			246.163043478	247.385869565	504.255434783	183.172101449
GC_00000461		2.00501	219.459064327	216.107351713	461.411862991	147.027986633
GC_00000462			271.703125	232.991319444	540.623263889	189.769097222
GC_00000463			243.490196078	252.380392157	557.156862745	170.584313725
GC_00000464			214.408675799	198.343378995	423.615981735	140.342922374
GC_00000465			229.077669903	239.825242718	482.457928803	167.427184466
GC_00000466			231.699453552	235.454918033	524.87704918	184.202185792
GC_00000467			186.048951049	204.641025641	473.911421911	161.20979021
GC_00000468			207.066074951	194.261341223	414.261341223	160.333333333
GC_00000469			290.008978676	232.810325477	488.7003367	206.664421998
GC_00000470			243.892822026	251.683382498	488.270403147	218.452310718
GC_00000471			275.061044177	251.897991968	536.679518072	193.963052209
GC_00000472			218.558386412	221.522292994	438.532908705	165.550955414
GC_00000473			269.316568047	271.415187377	510.917159763	190.290927022
GC_00000474			220.341199607	191.570304818	476.252704031	167.596853491
GC_00000475			251.137583893	274.281879195	576.156599553	203.361297539
GC_00000476			271.149466192	235.237247924	513.912218268	170.361803084
GC_00000477			206.235142119	228.106804479	456.980189492	166.132644272
GC_00000478			215.388739946	195.937444147	424.207327971	163.350312779
GC_00000479			222.042824074	224.928240741	507.710648148	163.832175926
GC_00000480			235.011251758	216.049226442	472.902953586	175.147679325
GC_00000481			231.655414909	226.50281294	446.76230661	154.82559775
GC_00000482			228.962962963	232.234567901	485.805555556	162.37962963
GC_00000483			266.909560724	234.516795866	502.671834625	200.320413437
GC_00000484			245.635658915	200.76744186	410.488372093	123.387596899
GC_00000485			219.411069652	202.133084577	462.324004975	168.245024876
GC_00000486			244.275735294	238.227941176	466.040441176	181.862745098
GC_00000487			232.544401544	217.106821107	470.285714286	164.337194337
GC_00000488			238.34384858	235.971608833	485.537329127	162.153522608
GC_00000489			231.945707071	250.751893939	534.335227273	178.760732323
GC_00000490			243.838709677	253.021505376	422.329749104	176.845878136
GC_00000491			228.348571429	253.862857143	479.493333333	187.434285714
GC_00000492			221.584397163	179.031205674	404.194326241	156.527659574
GC_00000493			257.197411003	248.070118662	516.012944984	178.675296656
GC_00000494			265.913880446	247.869300912	478.488348531	184.199594732
GC_00000495			260.411670663	246.410871303	475.715427658	189.20303757
GC_00000496			221.14071511	206.933102653	458.626297578	156.186851211
GC_00000497			248.504179728	245.265412748	532.182340648	198.333333333
GC_00000498			234.395395395	214.562562563	494.543543544	196.104104104
GC_00000499			262.326086957	258.833333333	510.5	183.101449275
GC_00000500			286.223646724	268.310541311	505.692307692	187.236467236
GC_00000501			217.11844078	213.745127436	443.069465267	159.328335832
GC_00000502			208.682304527	207.306995885	432.251851852	158.660082305
GC_00000503			228.323057161	229.018625562	525.880539499	177.1522158
GC_00000504			224.077253219	214.522174535	494.662374821	172.409155937
GC_00000505			213.864363404	204.337172105	431.222008957	152.691618682
GC_00000506			292.623582766	261.204081633	543.358276644	180.139455782
GC_00000507			219.143274854	217.615984405	476.002923977	155.401559454
GC_00000508			211.082051282	207.38974359	458.282051282	151.156410256
GC_00000509			252.099259259	245.275555556	538.877037037	190.460740741
GC_00000510			204.907407407	219.010288066	450.647119342	165.53600823
GC_00000511			206.543560606	223.544507576	466.886363636	147.886363636
GC_00000512			233.357142857	206.691729323	496.157894737	141.969924812
GC_00000513			273.957854406	241.740740741	468.828863346	218.089399745
GC_00000514			285.659259259	248.871957672	525.481481481	189.128042328
GC_00000515			291.868766404	261.918635171	524.686351706	197.898950131
GC_00000516			261.751044277	250.947368421	546.144527987	216.819548872
GC_00000517			236.32610006	226.657625075	440.251959011	158.85111513
GC_00000518			254.318318318	222.854354354	431.294294294	174.24024024
GC_00000519			202.046816479	202.737827715	431.715355805	168.076779026
GC_00000520			289.540425532	274.55035461	520.758865248	178.253900709
GC_00000521	WOPip5	99.6416	551.146953405	577.268817204	1146.38709677	444.229390681
GC_00000522			259.01055409	233.732629727	523.83289358	143.638522427
GC_00000523			256.006379585	239.049441786	466.318979266	189.04784689
GC_00000524			227.706140351	268.98245614	515.629385965	187.769736842
GC_00000525			267.475053079	241.338110403	511.149150743	173.478768577
GC_00000526			227.711934156	201.891632373	475.720164609	166.234567901
GC_00000527			219.924574209	251.601784266	482.876723439	208.656123277
GC_00000528			243.207058824	208.721568627	486.789803922	175.484705882
GC_00000529			170.201550388	172.472868217	461.976744186	137.372093023
GC_00000530			256.136178862	264.597560976	500.130081301	193.62601626
GC_00000531			276.988095238	240.400793651	513.98015873	170.825396825
GC_00000532			218.614886731	213.867313916	463.773462783	191.802588997
GC_00000533			228.870967742	194.142174432	441.35125448	161.621266428
GC_00000534			213.162939297	192.997870075	415.069222577	155.10543131
GC_00000535			245.3151341	234.954022989	470.17816092	188.317049808
GC_00000536			209.515299878	203.971440228	476.460220318	159.832721338
GC_00000537			234.417525773	202.278350515	450.08161512	137.335051546
GC_00000538			285.566909976	297.99270073	534.596107056	216.892944039
GC_00000539			210.942307692	216.019230769	457.510683761	189.30982906
GC_00000540			256.857605178	261.239482201	499.024271845	189.585760518
GC_00000541			272.44645006	249.10709988	531.346570397	201.205776173
GC_00000542			195.2845953	185.678851175	463.789382071	153.684943429
GC_00000543			231.237127371	234.985094851	555.959349593	201.575880759
GC_00000544			242.944779116	223.389558233	474.501004016	182.912650602
GC_00000545			272.980582524	250.458468177	511.118662352	188.154261057
GC_00000546			231.902173913	229.554347826	506.286231884	211.264492754
GC_00000547			223.181666667	213.478333333	447.608333333	166.533333333
GC_00000548			227.340359094	208.303278689	466.708821233	173.7470726
GC_00000549			263.098729228	249.962528511	504.138807429	192.613554904
GC_00000550			195.392473118	186.806451613	423.344086022	143.677419355
GC_00000551			260.326034063	235.739659367	476.289537713	181.440389294
GC_00000552			307.684914842	258.361313869	549.51703163	221.344282238
GC_00000553			279.763888889	235.791666667	482.902777778	212.265873016
GC_00000554			268.515073213	222.215331611	509.480620155	185.221360896
GC_00000555			264.641732283	248.725721785	482.106299213	173.654855643
GC_00000556			246.896780303	208.364109848	472.010890152	175.523200758
GC_00000557	WOPip2	99.9545	248.972260118	215.760345612	477.571623465	173.561618918
GC_00000558			210.457227139	219.94100295	473.868731563	150.572271386
GC_00000559			273.860544218	242.555555556	536.241496599	216.671201814
GC_00000560			236.777493606	214.457800512	460.309462916	165.375959079
GC_00000561			266.272496831	243.653992395	515.893536122	184.940430925
GC_00000562			257.333333333	268.577272727	538.687878788	165.348484848
GC_00000563			263.21780303	257.146780303	565.642992424	194.43844697
GC_00000564			191.479233227	216.352502662	444.479233227	156.63684771
GC_00000565			263.68202765	240.012288786	434.821812596	137.437788018
GC_00000566			224.913580247	208.191358025	508.438271605	151.104938272
GC_00000567			284.68707483	243.516156463	476.450680272	183.074829932
GC_00000568			249.804016064	221.898795181	527.841365462	184.514859438
GC_00000569			222.41884058	219.470289855	446.745652174	164.04057971
GC_00000570			257.240514905	245.77303523	545.036585366	186.522357724
GC_00000571			248.308779762	228.892857143	484.986607143	176.723214286
GC_00000572			210.670721817	218.553933496	440.283049473	138.171938362
GC_00000573			263.883986928	232.237745098	498.566993464	186.717320261
GC_00000574			201.056737589	230.127659574	468.930851064	168.333333333
GC_00000575			293.325301205	234.124497992	517.962516734	188.171352075
GC_00000576			237.454887218	213.339598997	396.327067669	141.758145363
GC_00000577			248.069216758	209.985428051	499.220400729	155.561020036
GC_00000578			249.636165577	217.82788671	470.745098039	175.68627451
GC_00000579			203.06455863	221.848484848	435.833992095	158.387351779
GC_00000580			172.474747475	193.409090909	407.550505051	151.085858586
GC_00000581			253.843971631	223.375886525	493.645390071	191.758865248
GC_00000582			251.003030303	257.834848485	525.11969697	201.146969697
GC_00000583			242.760233918	232.350877193	485.711988304	161.554093567
GC_00000584			215.251436782	210.943965517	474.725574713	189.068965517
GC_00000585			263.141025641	243.992673993	504.042124542	184.668498168
GC_00000586			231.790976059	206.681399632	455.737569061	159.165745856
GC_00000587			250.979381443	244.632875143	505.789805269	203.549828179
GC_00000588			206.550179211	189.548387097	414.216845878	175.068100358
GC_00000589			228.893693694	211.116216216	427.571171171	151.804504505
GC_00000590			233.512626263	219.762626263	471.424242424	144.472222222
GC_00000591			260.240740741	238.158869396	522.052631579	178.03411306
GC_00000592			243.792237443	233.420091324	479.452054795	161.600456621
GC_00000593			252.546987952	240.559036145	503.280321285	166.36626506
GC_00000594	WOPip2	99.9717	241.574498162	236.99378004	525.062199604	168.729997173
GC_00000595			252.339662447	232.588607595	433.876933896	167.220815752
GC_00000596			216.541254125	206.891089109	382.844884488	158.188118812
GC_00000597			238.980225989	213.531073446	461.925141243	157.501412429
GC_00000598			256.076124567	239.06805075	486.595155709	175.166666667
GC_00000599			218.075284794	204.315998019	465.699356117	164.646359584
GC_00000600			249.020761246	242.411764706	501.785467128	156.60438293
GC_00000601			253.977777778	238.747474747	502.214141414	195.381818182
GC_00000602			235.605405405	229.657657658	462.378378378	195.803603604
GC_00000603			203.364341085	178.552971576	423.410852713	170.948320413
GC_00000604			254.924242424	246.420875421	507.085858586	199.61952862
GC_00000605			221.10617284	189.422222222	452.060493827	172.925925926
GC_00000606		21.2044	227.486853265	238.339270568	408.530958439	159.720949958
GC_00000607			240.621212121	253.53030303	467.398989899	200.603030303
GC_00000608			255.438356164	212.59086758	460.255707763	147.542465753
GC_00000609			271.976851852	245.141666667	523.119444444	185.762962963
GC_00000610			228.41206544	244.81595092	485.418200409	179.04396728
GC_00000611			214.220101781	195.024173028	457.492366412	147.839694656
GC_00000612			264.716723549	264.814562002	527.675767918	203.965870307
GC_00000613			247.176706827	257.935742972	526.076305221	177.18875502
GC_00000614			266.246762856	257.47354791	535.663337033	191.838327784
GC_00000615			241.570175439	244.420077973	525.544834308	170.539961014
GC_00000616			276.602536998	255.96124031	519.993657505	181.220577872
GC_00000617			258.498608792	215.1508069	514.497495826	197.974958264
GC_00000618			191.917594655	206.361544172	444.152932442	148.986636971
GC_00000619			279.268199234	268.908045977	498.011494253	225.701149425
GC_00000620			272.589784097	242.484992101	499.104265403	195.238020011
GC_00000621			196.540350877	240.810526316	435.477192982	171.666666667
GC_00000622			260.795634921	230.765873016	429.755952381	173.327380952
GC_00000623			274.659033079	237.318066158	512.03562341	184.788804071
GC_00000624			247.424870466	204.006908463	472.898100173	161.549222798
GC_00000625			245.158645276	266.934046346	471.643493761	171.825311943
GC_00000626			270.866666667	255.516239316	542.929059829	204.62991453
GC_00000627			212.98019802	206.528052805	479.234323432	150.097359736
GC_00000628			250.762626263	267.511544012	531.143578644	190.367243867
GC_00000629			265.250555556	245.26	497.625555556	188.27
GC_00000630			264.30749354	237.875968992	537.84496124	170.689922481
GC_00000631			244.110465116	249.63372093	506.065891473	198.600775194
GC_00000632			241.666666667	233.906367041	515.007490637	168.157303371
GC_00000633			265.568965517	251.620689655	483.007183908	191.275862069
GC_00000634		7.36434	243.533591731	255.656330749	511.714470284	184.355297158
GC_00000635			276.813868613	240.493917275	538.652068127	176.145985401
GC_00000636			220.935897436	203.651709402	501.876068376	159.292735043
GC_00000637			258.612268519	240.954861111	529.888888889	176.814814815
GC_00000638			240.220314735	237.610872675	509.505007153	179.141630901
GC_00000639			271.757799672	264.290640394	510.249589491	196.500821018
GC_00000640			217.132315522	233.117048346	456.852417303	148.79389313
GC_00000641	WOPip4	99.6212	218.106060606	214.746212121	449.821969697	168.481060606
GC_00000642			223.094339623	212.144654088	387.691823899	171.647798742
GC_00000643			269.952889619	268.499589154	497.512462339	196.737880033
GC_00000644			262.56025641	234.492307692	493.341025641	172.808974359
GC_00000645			240.168195719	216.160550459	480.480122324	176.584097859
GC_00000646			234.164133739	251.362715299	509.052684904	175.516717325
GC_00000647			231.780874317	207.554098361	499.727322404	178.898360656
GC_00000648			226.825902335	240.04670913	461.719745223	121.129511677
GC_00000649			263.974826389	249.355902778	516.994791667	171.404513889
GC_00000650			212.930415264	211.164983165	379.417508418	167.575757576
GC_00000651			262.521857923	224.196721311	475.183060109	175.420765027
GC_00000652			233.703282828	234.205808081	465.656565657	175.087121212
GC_00000653			183.385964912	163.947368421	357.394736842	126.122807018
GC_00000654			199.267399267	254.937728938	456.857142857	179.63003663
GC_00000655			255.208852006	248.874135546	487.710926694	165.182572614
GC_00000656			242.557291667	230.684027778	458.006944444	144.211805556
GC_00000657			263.93968254	251.182539683	538.765079365	196.741269841
GC_00000658			219.149333333	214.010666667	494.186666667	173.450666667
GC_00000659			229.449612403	229.949260042	515.51726568	174.031712474
GC_00000660			280.530355097	240.280641466	554.534936999	162.576174112
GC_00000661			227.143518519	195.888888889	499.703703704	212.916666667
GC_00000662			230.489265537	221.857627119	513.471186441	188.125423729
GC_00000663			220.459561602	213.276643991	470.272108844	181.851095994
GC_00000664			210.945226917	216.356025039	416.208137715	152.333333333
GC_00000665			258.552083333	243.452083333	483.526041667	192.261458333
GC_00000666			224.112380952	192.893333333	462.15047619	162.967619048
GC_00000667			258.586483391	254.899198167	527.148911798	179.036655212
GC_00000668			197.903460838	210.49726776	444.557377049	176.369763206
GC_00000669			266.983050847	235.95480226	483.231638418	175.392655367
GC_00000670			305.131133672	258.236886633	545.290186125	207.781725888
GC_00000671			198.612709832	206.45323741	435.244004796	178.379496403
GC_00000672			239.875	227.818181818	430.281818182	175.595454545
GC_00000673			255.592592593	234.133655395	465.484702093	196.935587762
GC_00000674			256.810450038	250.307398932	521.252479024	180.019450801
GC_00000675			260.017316017	236.481240981	510.154401154	180.528138528
GC_00000676			253.739130435	226.949275362	512.844202899	190.364130435
GC_00000677			253.123519459	246.346869712	507.886632826	191.292724196
GC_00000678			235.632013201	234.666666667	551.183168317	212.836633663
GC_00000679			221.83982684	238.125541126	470.181818182	155.688311688
GC_00000680			219.047080979	224.427495292	422.881355932	144.853107345
GC_00000681			194.366482505	183.406998158	459.427255985	146.644567219
GC_00000682			249.97648686	245.118948824	453.489626556	179.459197787
GC_00000683			237.857683983	229.105519481	507.738636364	203.807900433
GC_00000684			289.378787879	251.811447811	565.390572391	203.496632997
GC_00000685			242.408408408	268.213213213	554.801801802	171.156156156
GC_00000686			202.481037924	244.085828343	450.087824351	177.53493014
GC_00000687			239.798711755	230.363929147	439.133655395	166.777777778
GC_00000688			257.12295082	264.696721311	504.210382514	207.700364299
GC_00000689			215.783687943	262.397163121	483.556737589	157.04964539
GC_00000690			245.039473684	245.719298246	453.596491228	158.978070175
GC_00000691			331.087855297	274.452196382	503.713178295	188.878552972
GC_00000692			217.298666667	209.285333333	412.976	162.474666667
GC_00000693			170.864978903	213.675105485	421.451476793	137.185654008
GC_00000694			295.64691358	232.117695473	528.075720165	196.145679012
GC_00000695			211.778464709	194.681607419	454.073158166	159.828954147
GC_00000696			252.772357724	246.579268293	537.865853659	177.276422764
GC_00000697			237.148809524	219.591269841	427.751984127	154.418650794
GC_00000698			235.671317829	239.889922481	496.810852713	162.984496124
GC_00000699			189.106321839	192.706896552	449.528735632	141.663793103
GC_00000700			262.044299201	224.017429194	500.018881627	165.787218591
GC_00000701			269.82364571	226.175168051	499.396204033	201.519177541
GC_00000702			262.427385892	270.232365145	559.284923928	203.561549101
GC_00000703			245.023255814	240.050387597	475.290697674	188.151162791
GC_00000704			194.624338624	205.343915344	433.333333333	132.724867725
GC_00000705			213.305555556	227.988425926	513.12037037	216.784722222
GC_00000706			240.023569024	234.612794613	469.164983165	179.457912458
GC_00000707			256.233465608	221.040343915	463.924603175	190.048280423
GC_00000708			239.316831683	218.300330033	498.072607261	208.650165017
GC_00000709			268.817504655	246.391992551	484.644320298	170.636871508
GC_00000710			184.307511737	212.442488263	442.100938967	171.224178404
GC_00000711			221.538461538	195.683760684	481.709401709	161.965811966
GC_00000712			278.437092265	249.587760174	532.530599565	197.936315626
GC_00000713			242.78328742	240.956841139	491.06795225	182.704315886
GC_00000714			244.89940324	226.180733163	499.37254902	187.304347826
GC_00000715			254.742331288	226.440354465	451.078391275	184.261077028
GC_00000716			263.407789233	235.328751432	505.371134021	162.804123711
GC_00000717			206.693069307	195.429042904	385.844884488	143.333333333
GC_00000718			297.808333333	259.305	523.438333333	177.985
GC_00000719			247.499654934	258.376811594	485.336093858	178.376811594
GC_00000720			252.535226078	242.607781283	497.645636172	169.594111462
GC_00000721			250.846477392	235.217665615	556.76340694	187.494216614
GC_00000722			222.948717949	223.484330484	435.481481481	160.381766382
GC_00000723			256.418546366	265.411027569	528.944862155	175.290726817
GC_00000724			233.333333333	246.470748299	452.995918367	162.653061224
GC_00000725			286.469483568	220.370892019	517.690140845	165.103286385
GC_00000726			276.73880597	255.078772803	509.470149254	166.98092869
GC_00000727			289.908045977	279.139573071	526.866995074	163.528735632
GC_00000728			212.23191648	230.554809843	419.084265474	136.196868009
GC_00000729			246.62479062	216.123953099	474.32160804	164.443886097
GC_00000730			262.060981912	247.099224806	495.3374677	200.696124031
GC_00000731			284.03030303	212.539393939	451.375757576	167.739393939
GC_00000732			184.414351852	205.87037037	440.643518519	142.576388889
GC_00000733			220.950268817	213.818548387	448.452284946	166.288306452
GC_00000734			276.1886121	235.525504152	523.408066429	192.930011862
GC_00000735			212.242165242	247.001424501	495.457264957	184.186609687
GC_00000736			278.935054773	251.038341158	554.490610329	225.491392801
GC_00000737			270.848791456	239.480607083	528.531759415	194.495222035
GC_00000738			224.146341463	241.008130081	493.739837398	165.577235772
GC_00000739			193.224	212.333333333	394.432	102.933333333
GC_00000740			235.722720478	228.674887892	477.074738416	177.628550075
GC_00000741	WOPip1	99.7567	235.744525547	246.389294404	474.326034063	183.094890511
GC_00000742			221.666055046	194.711009174	418.354740061	156.212232416
GC_00000743			216.719358534	199.287514318	434.720504009	145.463917526
GC_00000744			192.726708075	194.915113872	415.004140787	151.530020704
GC_00000745			233.415977961	213.130853994	473.634986226	163.97107438
GC_00000746			254.743879473	233.821092279	441.677966102	170.278719397
GC_00000747			264.750122011	268.767691557	569.060029283	182.154709614
GC_00000748			229.25203252	211.856368564	460.501355014	164.609756098
GC_00000749			256.30464135	244.151054852	466.235443038	174.583966245
GC_00000750			235.792792793	218.569369369	481.846846847	167.425225225
GC_00000751			203.727683616	243.752542373	483.157062147	165.703954802
GC_00000752			193.18895966	218.588110403	410.447983015	126.348195329
GC_00000753			277.539548023	253.313559322	513.13653484	187.93126177
GC_00000754			203.752066116	179.570247934	454.526170799	178.983471074
GC_00000755	WOPip5	99.9496	549.998991427	550.160867373	1134.0927887	422.538073626
GC_00000756			255.674147963	238.170407315	513.640897756	177.860764755
GC_00000757			267.807732497	248.060606061	518.680250784	179.78369906
GC_00000758			257.236652237	248.229437229	574.210678211	206.832611833
GC_00000759			241.59912854	261.51416122	460.797385621	174.376906318
GC_00000760			251.716336826	222.745052386	478.391928599	181.988358556
GC_00000761			281.761006289	272.635220126	476.977987421	194.827044025
GC_00000762			220.425795053	211.487632509	484.550058893	160.537102473
GC_00000763			276.674373796	246.610789981	483.231213873	176.809248555
GC_00000764			255.170798898	229.848484848	505.6184573	165.986225895
GC_00000765			215.01119403	218.713930348	444.541044776	169.864427861
GC_00000766			257.207439199	253.793991416	528.380543634	200.459227468
GC_00000767			255.895522388	224.370646766	460.514925373	196.094527363
GC_00000768			277.108108108	257.045045045	548.369369369	215.706306306
GC_00000769			256.128010139	272.835234474	471.264892269	182.558935361
GC_00000770			266.648809524	280.602380952	502.111904762	181.888095238
GC_00000771			278.800970874	246.339805825	525.171521036	173.265372168
GC_00000772			215.641744548	214.295950156	467.909657321	160.591900312
GC_00000773			241.065217391	208.927536232	459.927536232	152.758454106
GC_00000774			266.298122066	258.518779343	519.575899844	203.013302034
GC_00000775			219.344117647	211.905882353	440.958823529	144.17254902
GC_00000776			200.250793651	190.43968254	450.838095238	142.265079365
GC_00000777			294.06920904	236.450564972	516.857344633	190.313559322
GC_00000778			211.642857143	197.360544218	488.163265306	185.401360544
GC_00000779			230.639566396	233.514905149	376.04200542	159.941734417
GC_00000780			243.854368932	195.019417476	479.194174757	161.935275081
GC_00000781			206.569105691	200.598373984	450.404878049	155.647154472
GC_00000782			221.714884696	201.528301887	467.123689727	149.576519916
GC_00000783			278.102798982	254.65394402	538.439185751	203.757251908
GC_00000784			220.027613412	209.290927022	492.65877712	173.597633136
GC_00000785			231.247863248	246.376068376	549.726495726	210.463675214
GC_00000786			247.849415205	265.342836257	507.401315789	169.455409357
GC_00000787			262.620624409	235.825607064	513.478082624	197.221696626
GC_00000788			275.331723027	254.758454106	518.797101449	190.174718196
GC_00000789			230.154696133	228.432780847	479.545119705	199.593001842
GC_00000790			267.169734151	253.674164963	497.70074983	189.614860259
GC_00000791			232.775067751	267.379403794	492.830623306	199.502710027
GC_00000792			256.547965116	254.119186047	520.932170543	192.260658915
GC_00000793		47.4747	216.070707071	224.717171717	428.04040404	210.070707071
GC_00000794			218.468913858	213.993258427	463.773033708	175.03071161
GC_00000795			219.241645244	236.853470437	438.40017138	146.545844045
GC_00000796			206.443298969	194.804123711	438.333333333	188.714776632
GC_00000797			256.710071639	235.914875685	496.772861357	171.008006743
GC_00000798			212.438666667	221.778666667	478.045333333	182.312
GC_00000799			218.523344191	203.585233442	466.508143322	159.380021716
GC_00000800			250.681681682	244.112112112	548.92992993	166.817817818
GC_00000801			236.214975845	211.707729469	443.925120773	143.193236715
GC_00000802			245.504575163	222.696732026	434.100653595	166.041176471
GC_00000803	WOPip5	99.8095	1062.19047619	1033.95619048	1716.95809524	564.078095238
GC_00000804			276.726287263	245.401084011	583.032520325	207.308943089
GC_00000805			245.103668262	238.258373206	506.794258373	156.956937799
GC_00000806			218.531862745	247.18872549	424.833333333	166.509803922
GC_00000807			245.915397631	246.846023689	510.92893401	177.503384095
GC_00000808			258.866260163	248.213414634	510.87195122	183.703658537
GC_00000809			224.189964158	232.051075269	499.202508961	177.525089606
GC_00000810			217.085443038	201.13185654	414.401898734	160.476793249
GC_00000811			227.349845201	268.227038184	528.545923633	196.348813209
GC_00000812			273.28277635	237.994858612	450.135389889	152.519280206
GC_00000813			260.232704403	227.496855346	488.41509434	157.767295597
GC_00000814			224.309309309	196.791791792	463.478478478	133.706706707
GC_00000815			224.164319249	250.177621283	512.452269171	183.805164319
GC_00000816			234.899782135	222.788671024	471.48583878	170
GC_00000817			274.254994742	228.021030494	502.137223975	200.552050473
GC_00000818			191.83480826	233.613569322	446.539823009	153.477876106
GC_00000819			239.867424242	190.579545455	474.223484848	185.458333333
GC_00000820			290.500910747	270.366120219	561.660291439	202.827868852
GC_00000821			216.755555556	214.014814815	424.796296296	180.503703704
GC_00000822			247.470948012	264.406727829	490.183486239	215.314984709
GC_00000823			277.685831622	268.851471595	520.989048597	185.142368241
GC_00000824			240.043478261	245.218196457	507.60547504	185.487922705
GC_00000825			260.330943847	266.593787336	464.223416965	162.908004779
GC_00000826			248.388888889	206.948148148	488.396296296	210.8
GC_00000827			237.479069767	231.201550388	465.184496124	163.92248062
GC_00000828			276.425531915	266.117021277	472.758865248	182.739361702
GC_00000829			275.76462585	268.493877551	525.972789116	177.408163265
GC_00000830		22.5989	233.853107345	203.293785311	428.508474576	155.242937853
GC_00000831			211.488070893	216.471029312	415.386843899	137.739604635
GC_00000832			213.966371681	202.027138643	433.420648968	158.233038348
GC_00000833			232.191321499	225.272189349	453.284023669	176.057199211
GC_00000834			203.474226804	225.951890034	392.130584192	178.003436426
GC_00000835			198.973886329	189.19969278	432.376344086	171.701996928
GC_00000836			247.664160401	255.969924812	523.085213033	193.313283208
GC_00000837			260.256944444	263.458333333	425.958333333	155.361111111
GC_00000838			211.381220657	235.000469484	419.184976526	151.803755869
GC_00000839			247.573281453	225.620622568	480.749027237	158.780155642
GC_00000840			272.494296578	254.515842839	569.404309252	197.560202788
GC_00000841			275.938804896	252.100791937	518.894168467	193.96400288
GC_00000842			205.431372549	209.021786492	454.194625999	175.77124183
GC_00000843			223.645288994	232.897862233	428.170229612	141.139350752
GC_00000844			241.468302658	246.314928425	515.067484663	171.143149284
GC_00000845			232.423129252	212.555102041	509.386394558	154.039455782
GC_00000846			222.098159509	223.157464213	481.605316973	162.016359918
GC_00000847			235.958333333	187.496031746	457.406746032	160.771825397
GC_00000848			251.431372549	241.806184012	480.704374057	187.459276018
GC_00000849			248.514514515	235.177177177	519.418418418	178.419419419
GC_00000850			211.728923476	230.232814527	407.438391699	142.726977951
GC_00000851			260.142045455	223.490530303	521.329545455	189.320075758
GC_00000852			237.421686747	240.385542169	522.550200803	205.116465863
GC_00000853			211.733796296	188.578703704	363.689814815	140.1875
GC_00000854		59.3137	212.985294118	201.923529412	480.944117647	165.415686275
GC_00000855			277.100529101	242.012093726	490.47845805	181.844293273
GC_00000856			253.080415045	208.649805447	482.40077821	189.69001297
GC_00000857			234.848861284	220.279503106	428.045548654	185.053830228
GC_00000858			259.557333333	256.961333333	514.44	160.494666667
GC_00000859			226.312572088	231.551326413	490.99538639	173.880046136
GC_00000860			265.46010929	266.52295082	506.433879781	191.97704918
GC_00000861			250.366402116	248.091931217	511.441137566	185.810846561
GC_00000862			269.544846051	260.441767068	512.101740295	211.704149933
GC_00000863			242.717829457	238.398449612	487.448062016	179.094573643
GC_00000864			270.459845985	250.314081408	540.876787679	203.041254125
GC_00000865			229.236467236	203.371794872	432.735754986	169.162393162
GC_00000866			288.243569554	265.384776903	540.607349081	190.727559055
GC_00000867			220.408902692	218.629399586	390.037267081	170.330227743
GC_00000868			242.107855108	227.904354904	489.863247863	171.513227513
GC_00000869			267.662174304	244.593890386	494.202156334	189.460017969
GC_00000870			216.333921223	195.751322751	442.251616696	172.865961199
GC_00000871			265.51650165	245.048679868	482.278877888	183.188118812
GC_00000872			241.409830391	213.875043268	478.176531672	176.293181031
GC_00000873			173.206896552	193.67816092	442.951724138	138.108045977
GC_00000874			244.786482335	222.516129032	446.797235023	173.675883257
GC_00000875			214.125240848	231.125240848	450.658959538	178.886319846
GC_00000876			226.159955257	226.313199105	438.093959732	154.356823266
GC_00000877			295.336823735	282.191972077	540.656195462	211.359511344
GC_00000878			255.436925647	228.307435255	509.058479532	188.568922306
GC_00000879			229.925394548	218.735533238	424.404591105	155.49928264
GC_00000880			225.993650794	210.99047619	434.650793651	192.374603175
GC_00000881			187.504761905	203.338095238	444.416666667	153.25952381
GC_00000882			202.180483592	202.526770294	462.654576857	161.760794473
GC_00000883			265.416422287	252.495601173	528.498533724	189.865102639
GC_00000884			212.80518018	224.042792793	421.961711712	138.831081081
GC_00000885			267.605882353	242.355555556	517.136601307	204.154901961
GC_00000886			278.239808153	237.431654676	530.486810552	210.748201439
GC_00000887			253.67072552	232.787417555	486.607813293	190.173515982
GC_00000888			200.742857143	228.19047619	474.271428571	175.50952381
GC_00000889			258.888281724	246.258652095	540.699453552	196.762598664
GC_00000890			202.504926108	218.880952381	459.952380952	177.835796388
GC_00000891			249.898419865	243.073739654	471.009781791	173.624529722
GC_00000892			245.469806763	252.921497585	467.508454106	170.144927536
GC_00000893			267.697251258	257.049554781	524.372048006	190.307007356
GC_00000894			270.468376068	257.863247863	490.218803419	183.425641026
GC_00000895			286.569248826	260.785211268	521.607981221	202.334507042
GC_00000896			242.394777266	228.253456221	475.30875576	169.373271889
GC_00000897			227.352697095	225.38450899	427.248962656	152.817427386
GC_00000898			223.420711974	222.250809061	450.385113269	167.658576052
GC_00000899			264.283413849	233.365539452	513.334943639	196.769726248
GC_00000900			204.968553459	195.254716981	461.993710692	153.031446541
GC_00000901			246.063142438	218.84287812	447.703377386	161.837004405
GC_00000902			260.802816901	238.96713615	496.558685446	215.657276995
GC_00000903			217.636904762	192.208333333	429.603174603	135.295634921
GC_00000904			250.403418803	237.179487179	498.254700855	210.786324786
GC_00000905			266.024464832	238.119266055	517.22324159	187.721712538
GC_00000906			240.857506361	228.664122137	478.997455471	168.520356234
GC_00000907			246.94057971	237.314009662	476.309661836	184.417874396
GC_00000908			239.915422886	229.158208955	473.544278607	173.205970149
GC_00000909			217.288161994	224.42211838	485.817757009	172.043613707
GC_00000910			225.06501182	213.908983452	465.386524823	171.011820331
GC_00000911			257.395644283	245.297640653	483.875983061	184.614035088
GC_00000912			236.076793249	204.604219409	453.292827004	143.41350211
GC_00000913			233.062951496	213.859649123	517.048503612	174.978328173
GC_00000914			269.463937622	239.937621832	546.452241715	182.352826511
GC_00000915			270.77245509	228.918163673	535.708582834	217.736526946
GC_00000916			197.748538012	214.842105263	412.760233918	154.150097466
GC_00000917			233.177433247	210.655469423	424.996554694	161.594315245
GC_00000918			255.347446237	235.875	506.08266129	195.649193548
GC_00000919			198.959268495	178.970906068	452.607647548	140.783873649
GC_00000920			221.985018727	163.194756554	477.059925094	136.127340824
GC_00000921			254.6885759	256.428794992	502.276995305	188.342723005
GC_00000922			226.493975904	208.253012048	493.104417671	144.987951807
GC_00000923			250.457971014	258.841545894	528.488888889	184.391304348
GC_00000924			233.424242424	237.916666667	484.009469697	198.053030303
GC_00000925			270.93594306	243.818505338	484.608540925	164.190984579
GC_00000926	WOPip4	99.9197	237.962248996	231.167068273	440.093172691	172.680321285
GC_00000927			215.667676768	216.649494949	443.815151515	150.537373737
GC_00000928			256.891708968	225.03891709	470.335025381	180.140439932
GC_00000929			218.04954955	226.656370656	405.703989704	152.568854569
GC_00000930			252.284237726	232.69250646	511.679586563	190.354005168
GC_00000931		17.5809	245.11954993	253.631504923	500.654711674	182.023206751
GC_00000932			286.460472698	261.837000815	506.102689487	192.902200489
GC_00000933			202.716450216	222.664502165	415.876623377	126.194805195
GC_00000934			200.343234323	181.204620462	445.122112211	155.884488449
GC_00000935			272.845804989	251.930839002	539.08276644	194.443310658
GC_00000936			249.897222222	229.490972222	504.939583333	183.845833333
GC_00000937			201.73015873	239.607142857	390.51984127	192.69047619
GC_00000938			238.461835749	212.280193237	487.326570048	160.942028986
GC_00000939			223.946360153	223	562.134099617	201.674329502
GC_00000940			234.051124744	210.750511247	447.707566462	159.061349693
GC_00000941			222.522522523	165	453.567567568	157.387387387
GC_00000942			230.907232704	213.76336478	474.867924528	176.794811321
GC_00000943			207.426282051	229.738247863	447.409188034	170.256410256
GC_00000944			136.194968553	142.811320755	278.327044025	75.1509433962
GC_00000945			244.21575985	231.836772983	497.922451532	181.264540338
GC_00000946			239.172936259	216.126959248	431.957157785	178.513061651
GC_00000947			260.79245283	235.032704403	529.081761006	178.696226415
GC_00000948			210.61406171	198.942336874	446.053616591	176.859382903
GC_00000949			261.033091203	261.828087167	526.194511703	184.523002421
GC_00000950			231.366336634	214.656765677	500.333333333	154.108910891
GC_00000951			288.884579871	256.929824561	486.183748846	185.161588181
GC_00000952			239.941533789	213.623386484	487.123766135	189.444191344
GC_00000953			261.899491094	226.613231552	496.380407125	164.337150127
GC_00000954			244.533980583	272.757281553	546.873786408	195.766990291
GC_00000955			230.168200409	234.658486708	471.778118609	166.591513292
GC_00000956			279.639906923	258.141361257	527.897033159	202.041884817
GC_00000957	WOPip2	99.7778				
GC_00000958			233.913366337	219.734323432	508.094059406	179.251650165
GC_00000959			258.036866359	228.721351767	488.922580645	176.549615975
GC_00000960			265.690298507	252.406716418	506.324626866	217.004975124
GC_00000961			216.125109361	210.208223972	438.686789151	140.974628171
GC_00000962			247.720089037	218.649415693	499.487479132	193.650528659
GC_00000963			283.305613306	221.657657658	508.270963271	178.605682606
GC_00000964			236.574119574	258.712530713	500.536445536	183.713349713
GC_00000965			234.193720775	224.128924516	499.307281229	167.045424182
GC_00000966			227.52688172	190.411290323	425.126344086	171.491935484
GC_00000967			226.456790123	233.550754458	490.682441701	160.485596708
GC_00000968			226.013994911	225.488549618	446.658608991	158.684478372
GC_00000969			259.208333333	246.648148148	510.411747685	191.493344907
GC_00000970			271.187702265	252.628478964	544.627184466	184.761812298
GC_00000971			264.71372549	250.596078431	567.964705882	184.132352941
GC_00000972			215.431464174	193.423676012	428.353582555	166.781931464
GC_00000973			259.241103849	253.412490922	537.912854031	192.59114016
GC_00000974	WOPip2	99.9486	251.551104263	229.600410889	508.099640473	174.477144325
GC_00000975			228.348484848	231.818870523	513.785812672	166.479338843
GC_00000976			226.568965517	216.36637931	485.024425287	164.461206897
GC_00000977			276.907630522	220.140562249	568.746987952	168.851405622
GC_00000978			246.927038627	246.236051502	472.078683834	165.021459227
GC_00000979			208.86073501	201.466795616	438.459703417	153.68407479
GC_00000980			200.331838565	224.328849028	435.587443946	144.070254111
GC_00000981			254.312071331	231.545953361	480.080246914	171.224965706
GC_00000982			292.679924242	253.09469697	571.210227273	199.382575758
GC_00000983			220.786743516	225.681075889	465.833813641	158.591738713
GC_00000984			271.386138614	239.488448845	471.590759076	137.518151815
GC_00000985			233.07012488	225.601344861	419.763688761	152.635926993
GC_00000986			250.705971277	242.678760393	473.111111111	179.910808768
GC_00000987			230.32437276	256.010752688	505.731182796	174.202508961
GC_00000988			252.839572193	226.027332145	480.698752228	154.296494355
GC_00000989			186.147286822	195.860465116	482.744186047	194.852713178
GC_00000990	WOPip1	99.931	256.587737844	230.875264271	1125.55532065	460.264975335
GC_00000991			222.580161476	198.615340254	429.996539792	143.779700115
GC_00000992			217.428888889	219.502222222	456.106666667	171.082222222
GC_00000993			193.194968553	208.797598628	446.997141224	155.067467124
GC_00000994			223.589147287	224.048664944	440.208440999	168.238587425
GC_00000995			216.662893082	236.562264151	433.568553459	154.280503145
GC_00000996			244.839933993	235.744224422	462.648514851	158.49339934
GC_00000997	WOPip1	99.798	220.773737374	241.406060606	1176.49494949	483.787878788
GC_00000998			250.896778435	256.197896121	510.875739645	162.899408284
GC_00000999			212.932452276	192.221732746	427.033773862	152.857562408
GC_00001000			245.486524823	245.392907801	508.663829787	171.002836879
GC_00001001	WOPip4	99.4872	1937.39215686	1577.26960784	3300.79901961	1228.42647059
GC_00001002			224.953815261	226.182730924	459.93373494	145.385542169
GC_00001003			216.263532764	230.626780627	468.415954416	163.62962963
GC_00001004	WOPip5	99.9527	1145.67323019	1066.90904829	1654.70511017	598.307079231
GC_00001005			261.557647059	231.000784314	489.756078431	172.832156863
GC_00001006	WOPip1	99.5556				
GC_00001007	WOPip1	99.8907				
GC_00001008			208.8647343	187	454.352657005	170.210144928
GC_00001009			242.953823954	240.336219336	481.236652237	170.847041847
GC_00001010			288.792397661	208.067251462	492.114035088	164.959064327
GC_00001011			286.981895634	264.828541001	497.300319489	184.785942492
GC_00001012			176.452830189	219.549266247	443.767295597	145.517819706
GC_00001013	WOPip5	99.9793	245.35125907	234.933418694	481.134016219	154.227912932
GC_00001014	WOPip2	99.7685				
GC_00001015	WOPip1	99.7992				
GC_00001016	WOPip1	99.9005				
GC_00001017	WOPip4	99.9272	1597.14954955	1399.59459459	2508.67027027	1152.69189189
GC_00001018	WOPip4	99.9179	1639.26767677	1459.13888889	3026.81397306	1201.25505051
GC_00001019	WOPip1	99.8918				
GC_00001020	WOPip1	99.9339	1033.54983498	1053.08316832	2235.07986799	839.832343234
GC_00001021	WOPip1	99.7904				
GC_00001022	WOPip3	99.8971	259.964095099	247.034691897	0.259582726832	0
GC_00001023			248.103792415	240.333333333	546.021956088	182.888223553
GC_00001024			260.805555556	222.791666667	502.472222222	174.368055556
GC_00001025			289.288888889	238.32962963	447.546296296	180.703703704
GC_00001026		8.43373	227.518072289	234.086345382	485.670682731	173.142570281
GC_00001027			264.793333333	237.39	490.25	160.256666667
GC_00001028			202.512820513	223.583333333	369.583333333	186.365384615
GC_00001029			272.457457457	254.282282282	478.018018018	194.359359359
GC_00001030			262.877260982	270.509043928	491.726098191	179.263565891
GC_00001031			210.827160494	211.160493827	475.487654321	133.728395062
GC_00001032			252.966666667	211.888888889	1011.42222222	589.866666667
GC_00001033			272.389863548	248.643274854	476.296296296	184.766081871
GC_00001034	WOPip5	99.7877	511.562632696	554.380042463	1093.5626327	411.957537155
GC_00001035			252.818181818	211.104166667	485.994318182	134.596590909
GC_00001036	WOPip4	99.9469	220.22611465	214.571656051	463.595010616	171.013269639
GC_00001037	WOPip1	99.9321				
GC_00001038	WOPip1	99.9256				
GC_00001039	WOPip1	99.6732				
GC_00001040			214.73015873	233.201680672	1004.23996265	469.813258637
GC_00001041			1279.7027027	1515.33333333	2276.37387387	759.504504505
GC_00001042			1268.73743017	1584.36405959	2259.45623836	778.208566108
GC_00001043			1170.09638554	1571.75100402	2091.45783133	662.807228916
GC_00001044			1077.45238095	1405.29047619	2198.96666667	702.628571429
GC_00001045			1240.66666667	1513.20489297	2232.81498471	732.805810398
GC_00001046			235.297188755	218.224899598	539.140562249	156.092369478
GC_00001047			1143.197411	1465.06796117	2214.5987055	654.158576052
GC_00001048			1153.25764192	1379.34497817	2099.17321689	789.04657933
GC_00001049			1057.98501873	1285.58801498	1972.95131086	778.584269663
GC_00001050			271.638211382	227.569105691	562.117886179	182.967479675
GC_00001051			1146.69369369	1314.74774775	2294.93693694	761.459459459
GC_00001052	WOPip1	99.8826				
GC_00001053			1446.22077922	1578.84848485	2196.96536797	843.359307359
GC_00001054			1079.47325103	937.732510288	1499.90123457	580.086419753
GC_00001055			1277.36849508	1484.11251758	2333.57805907	771.609001406
GC_00001056			1480.51204819	1574.2248996	2340.86746988	759.777108434
GC_00001057	WOPip4	99.8945				
GC_00001058	WOPip1	99.9283				
GC_00001059	WOPip1	99.9162				
GC_00001060			963.281385281	1138.9004329	1802.53463203	631.071428571
GC_00001061	WOPip1	99.881				
GC_00001062			1178.46446446	1364.40940941	2127.04104104	744.815815816
GC_00001063	WOPip1	99.5434				
GC_00001064			180.26729664	168.8694186565	0	0
GC_00001065			127.96124031	103.333333333	319.341085271	106.984496124
GC_00001066	WOPip3	99.9232	263.013824885	223.051459293	0	0
GC_00001067						
GC_00001068			208.305555556	202.316425121	0.36231884058	0
GC_00001069			247.529411765	190.320261438	0	0
GC_00001070			270.511904762	256.946428571	522.30952381	200.101190476
GC_00001071	WOPip4	99.8188				
GC_00001072						
GC_00001073	WOPip5	99.6454	211.514184397	221.294326241	586.570921986	233.975177305
GC_00001074	WOPip4	99.9152				
GC_00001075	WOPip5	99.5025	213.631840796	211.895522388	481.517412935	203.174129353
GC_00001076			1973.22047244	928.286089239	0	0
GC_00001077	WOPip5	99.9031				
GC_00001078	WOPip3	99.6942	279.308743169	236.666666667	42.0710382514	11.4289617486
GC_00001079			310.9075431935	417.6270676505	374.3561869045	302.5049949055
GC_00001080						
GC_00001081						
GC_00001082						
GC_00001083			1564.10958904	2611.50684932	2496.76712329	1890.7716895
GC_00001084			394.638242894	349.710594315	363.651162791	422.684754522
GC_00001085			157.00280112	65.3473389356	34.3949579832	78.3389355742
GC_00001086			88.3481481481	183.89382716	130.143209877	112.567901235
GC_00001087			158.126361656	65.2810457516	21.1263616558	83.3594771242
GC_00001088			416.917491749	798.03960396	611.330033003	630.240924092
GC_00001089						
GC_00001090			2385.60340633	903.218978102	0.518248175182	0.272506082725
GC_00001091						
GC_00001092			17.9254385965	40.5833333333	49.0526315789	34.7938596491
GC_00001093						
GC_00001094			3945.38541667	4802.82291667	4257.07291667	3627.53125
GC_00001095						
GC_00001096			51.2716049383	162.683950617	91.5037037037	24.3679012346
GC_00001097			62.654954955	108.55045045	36.8315315315	116.617117117
GC_00001098			139.238888889	69.8	23.4055555556	69.2333333333
GC_00001099			56.1430408229	231.119575699	121.881067181	34.0781099325
GC_00001100			59.8209876543	237.816358025	155.253858025	61.3510802469
GC_00001101			159.113475177	410.687943262	247.187943262	274.595744681
GC_00001102						
GC_00001103						
GC_00001104						
GC_00001105						
GC_00001106			67.1078431373	57.862745098	45.8235294118	54.9803921569
GC_00001107			72.7591397849	156.219354839	37.2053763441	137.720430108
GC_00001108			31.0647619048	69.8247619048	53.8647619048	29.1066666667
GC_00001109			21.5952380952	23.0761904762	62.1380952381	13.8142857143
GC_00001110						
GC_00001111			210.618649318	212.103469641	200.918215613	188.956629492
GC_00001112			0.220657276995	19.7089201878	0	0.380281690141
GC_00001113			270.007490637	290.06741573	339.434456929	202.168539326
GC_00001114	WOPip3	99.9449				
GC_00001115			116.174931129	113.366391185	25.9228650138	167.710743802
GC_00001116			62.2916666667	43.53125	82.2083333333	69.5833333333
GC_00001117			1285.14801444	1513.26233454	1512.65463297	1471.78941035
GC_00001118			914.795600367	1035.32233425	1071.53376108	977.304307974
GC_00001119			424.768518519	730.518518519	570.277777778	486.009259259
GC_00001120			1160.89635854	1133.40056022	1070.07563025	1039.56862745
GC_00001121						
GC_00001122			917.191489362	982.182033097	972.427895981	984.420803783
GC_00001123			36.3703703704	52.1712962963	52.4444444444	27.375
GC_00001124						
GC_00001125			90.5378787879	109.287878788	71.7575757576	92.9848484848
GC_00001126	WOPip4	99.7475				
GC_00001127			1009.74166667	1187.90833333	1068.35833333	1028.675
GC_00001128	WOPip4	99.8004				
GC_00001129			73.7002398082	251.199840128	119.440447642	140.986011191
GC_00001130			160.193470375	67.3796856106	172.561064087	33.0261991133
GC_00001131			68.6119837115	123.210587551	28.9685863874	127.865037813
GC_00001132			237.728619889	227.940189252	0.107480806999	0.159971433673
GC_00001133			172.708860759	54.1139240506	24.5738396624	62.7890295359
GC_00001134			112.696484201	195.44459279	138.45482866	117.99376947
GC_00001135	WOPip4	99.6997				
GC_00001136	WOPip2	99.6885				
GC_00001137						
GC_00001138			58.7717391304	141.326690821	10.3592995169	141.050120773
GC_00001139			44.9720767888	137.82547993	43.3560209424	51.0663176265
GC_00001140			527.584615385	823.792307692	490.271794872	595.638461538
GC_00001141			283.399491094	391.114503817	316.463104326	303.615776081
GC_00001142			35.0243902439	42.9886178862	41.1154471545	43.4715447154
GC_00001143		13.5135				
GC_00001144			536.903846154	658.102564103	616.314102564	598.025641026
GC_00001145	WOPip1	99.8217				
GC_00001146	WOPip3	99.9578				
GC_00001147						
GC_00001148						
GC_00001149			549.62745098	931.349019608	721.423529412	628.694117647
GC_00001150			195.774774775	249.684684685	271.810810811	217.837837838
GC_00001151			140.656862745	134.053921569	43.4852941176	186.906862745
GC_00001152						
GC_00001153						
GC_00001154						
GC_00001155						
GC_00001156			114.472222222	181.26984127	95.9444444444	98.380952381
GC_00001157			1771.21212121	1801.09090909	1572.81818182	1130.00606061
GC_00001158						
GC_00001159			4420.75213675	4310.15811966	3656.53418803	2973.34188034
GC_00001160			1239.49768519	1282.63657407	1610.50694444	1245.08564815
GC_00001161			50.3125	41.7840277778	80.7895833333	84.38125
GC_00001162			246.469928644	222.767584098	0	0.260958205912
GC_00001163			573.076388889	699.087962963	543.87962963	455.483796296
GC_00001164						
GC_00001165			532.553333333	489.336666667	357.53	321.426666667
GC_00001166	WOPip3	99.8168				
