1248
1249
1250
1251
1252
1253
1255
1256
1257
1258
1259
1260
1261
1262
1263
1264
1265
1266
1267
1268
1270
1271
1272
1273
1274
1275
1276
1277
1278
1279
1280
1281
1282
1283
1284
1285
1286
1287
1288
1289
1294
1295
1296
1297
1298
1300
1301
1302
1303
1305
1306
1307
1309
1312
1313
1314
1315
1316
1317
1318
1319
1320
1321
1322
1323
1324
1325
1326
1327
1328
1329
1330
1331
1332
1333
1334
1337
1338
1339
1340
1341
1342
1343
1345
1346
1347
1348
1349
1351
1353
1359
1362
1363
1366
1367
1368
1369
1370
1371
1372
1373
1374
1375
1378
1379
1380
1381
1382
1383
1385
1386
1387
1388
1389
1390
1391
1392
1393
1394
1395
1396
1397
1398
1399
1400
1422
1423
1424
1427
1428
1433
1436
1437
1438
1441
1442
1445
1446
1447
1449
1450
1451
1452
1453
1454
1467
1468
1469
1470
1471
1472
1473
1474
1476
1477
1478
1479
1484
1488
1490
1491
1492
1493
1505
1506
1507
1510
1511
1512
1520
1524
1528
1531
1532
1533
1534
1540
1541
1542
1543
1544
1545
1546
1547
1548
1552
1553
1556
1559
1562
1563
1564
1565
1574
1575
1576
1584
1586
1587
1589
1590
1593
1596
1603
1606
1616
1617
1620
1621
1624
1631
1632
1638
1643
1645
1646
1647
1649
1650
1651
1652
1653
1654
1656
1659
1660
1667
1668
1669
1670
1674
1676
1677
1679
1680
1681
1682
1683
1684
1686
1691
1692
1693
1698
1703
1704
1705
1706
1707
1708
1709
1710
1711
1712
1713
1714
1716
1717
1718
1719
1720
1723
1724
1726
1727
1728
1729
1730
1735
1736
1738
1739
1740
1746
1747
1748
1749
1752
1756
1757
1766
1767
1768
1769
1770
1778
1787
1790
1791
1792
1793
1794
1795
1801
1805
1806
1807
1808
1809
1811
1812
1813
1814
1815
1816
1817
1818
1819
1820
1822
1823
1824
1825
1826
1827
1828
1829
1830
1831
1832
1833
1834
1835
1851
1852
1853
1854
1855
1856
1857
1858
1859
1860
1861
1862
1863
1864
1865
1866
1867
1868
1869
1870
1871
1872
1873
1874
1875
1876
1877
1878
1879
1880
1881
1882
1883
1884
1885
1886
1887
1888
1889
1890
1891
1898
1922
1923
1925
1926
1927
1928
1929
1930
1931
1932
1933
1934
1935
1936
1938
1955
1956
1957
1958
1959
1960
1961
1962
1963
1964
1965
1966
1967
1968
1969
1970
1971
1972
1973
1974
1975
1976
1977
1979
1980
1981
1982
1984
1985
1986
1987
1988
1989
1990
1991
1992
1993
1999
2000
2001
2003
2004
2005
2006
2007
2011
2012
2013
2014
2015
2016
2017
2018
2019
2020
2022
2023
2026
2027
2028
2029
2030
2031
2032
2033
2034
2035
2036
2037
2038
2039
2040
2041
2042
2043
2048
2049
2052
2054
2055
2056
2057
2058
2059
2060
2061
2063
2064
2066
2067
2068
2069
2071
2072
2073
2074
2075
2076
2080
2081
2110
2111
2113
2114
2115
2116
2118
2125
2126
2127
2128
2129
2132
2133
2137
2138
2139
2140
2141
2142
2145
2146
2147
2148
2149
2150
2151
2153
2155
2157
2158
2159
2160
2161
2162
2163
2164
2165
2166
2167
2168
2169
2181
2186
2191
2192
2193
2194
2195
2196
2197
2198
2199
2200
2201
2202
2205
2206
2207
2211
2213
2214
2215
2216
2217
2218
2219
2220
2221
2225
2230
2231
2232
2233
2234
2235
2236
2237
2240
2242
2243
2245
2246
2247
2248
2249
2250
2251
2252
2253
2254
2255
2256
2257
2258
2259
2260
2261
2262
2263
2264
2266
2269
2270
2271
2272
2274
2275
2276
2277
2278
2280
2283
2284
2286
2287
2288
2289
2290
2294
2295
2296
2297
2298
2299
2301
2302
2303
2304
2305
2306
2307
2308
2309
2310
2311
2312
2324
2325
2326
2331
2332
2333
2336
2337
2344
2345
2346
2347
2348
2350
2351
2352
2353
2357
2358
2359
2360
2361
2362
2363
2364
2365
2366
2367
2369
2370
2371
2372
2373
2374
2375
2376
2377
2378
2379
2380
2381
2385
2435
2436
2437
2438
2445
2446
2447
2448
2449
2450
2451
2452
2453
2454
2455
2456
2464
2466
2467
2468
2470
2471
2472
2474
2481
2486
2487
2492
2493
2496
2497
2498
2501
2502
2503
2504
2507
2508
2510
2511
2512
2513
2514
2515
2516
2517
2518
2519
2520
2521
2522
2523
2533
2534
2535
2537
2542
2546
2551
2554
2557
2558
2561
2563
2572
2574
2575
2576
2577
2578
2579
2580
2581
2582
2583
2584
2585
2586
2587
2588
2589
2590
2591
2592
2593
2597
2599
2600
2601
2602
2603
2604
2619
2625
2626
2629
2646
2647
2648
2649
2650
2651
2652
2653
2654
2656
2657
2658
2659
2660
2661
2662
2663
2664
2665
2666
2667
2668
2669
2671
2672
2676
2677
2678
2679
2680
2683
2685
2686
2687
2688
2689
2690
2691
2692
2693
2694
2695
2696
2697